DeePore output results including 15 single-value
paramters, 4 functions and 11 distributions
__________________________________________________
        ### Single-value parameters ###
__________________________________________________

Properties                              Value
--------------------------------------------------
Absolute Permeability (um2)             0.0006719
Formation Factor (ratio)                111.0844126
Cementation Factor (ratio)              2.5031564
pore density (1/um3)                    0.0022062
Tortuosity (ratio)                      1.7098165
Average Coordination Number             2.3383515
Average Throat Radius (um)              1.1494892
Average Pore Radius (um)                1.744299
Average Throat Length (um)              5.6918376
Pore to Throat Aspect ratio             3.0683685
Specific Surface (1/um)                 0.0001019
Pore Sphericity (ratio)                 2.1817299
Grain Sphericity (ratio)                0.7543002
Average Grain Radius (um)               4.3927504
Relative Young Module (ratio)           0.602318

__________________________________________________
       ### Functions and distributions ###
__________________________________________________


# Leveret J Function (ratio)
--------------------------------------------------
Wetting-sat (Sw)                        Value
--------------------------------------------------
0.01                                    0.2992385
0.02                                    0.4963486
0.03                                    0.3300564
0.04                                    0.5177399
0.05                                    0.2923842
0.06                                    0.767597
0.07                                    0.4165482
0.08                                    0.3836276
0.09                                    0.449628
0.1                                     0.5283109
0.11                                    0.2869041
0.12                                    0.3799439
0.13                                    0.5008772
0.14                                    0.6552915
0.15                                    0.4851199
0.16                                    0.4513962
0.17                                    0.4730584
0.18                                    0.3209382
0.19                                    0.4324423
0.2                                     0.4875205
0.21                                    0.3796354
0.22                                    0.4991805
0.23                                    0.4175825
0.24                                    0.505924
0.25                                    0.3836757
0.26                                    0.5365525
0.27                                    0.340561
0.28                                    0.4197025
0.29                                    0.2422894
0.3                                     0.4001378
0.31                                    0.3781494
0.32                                    0.5318814
0.33                                    0.453653
0.34                                    0.6098276
0.35                                    0.2359129
0.36                                    0.4430213
0.37                                    0.4895269
0.38                                    0.4548845
0.39                                    0.2490631
0.4                                     0.5410814
0.41                                    0.2705066
0.42                                    0.3713741
0.43                                    0.5061914
0.44                                    0.3004746
0.45                                    0.5656412
0.46                                    0.3273688
0.47                                    0.4436408
0.48                                    0.4474807
0.49                                    0.4653446
0.5                                     0.3893416
0.51                                    0.3142153
0.52                                    0.3915512
0.53                                    0.3527405
0.54                                    0.3176224
0.55                                    0.3047118
0.56                                    0.4878723
0.57                                    0.3109519
0.58                                    0.2504752
0.59                                    0.5741243
0.6                                     0.3624582
0.61                                    0.3802737
0.62                                    0.3981434
0.63                                    0.4706259
0.64                                    0.3555329
0.65                                    0.4245328
0.66                                    0.3387951
0.67                                    0.4115843
0.68                                    0.3277109
0.69                                    0.3401945
0.7                                     0.4226448
0.71                                    0.3042221
0.72                                    0.5807959
0.73                                    0.4313015
0.74                                    0.2732121
0.75                                    0.2732558
0.76                                    0.3824141
0.77                                    0.3678381
0.78                                    0.2359753
0.79                                    0.3476742
0.8                                     0.2196409
0.81                                    0.2466133
0.82                                    0.3367683
0.83                                    0.2497067
0.84                                    0.1614703
0.85                                    0.3311356
0.86                                    0.3590655
0.87                                    0.2139099
0.88                                    0.2597963
0.89                                    0.2672474
0.9                                     0.3239044
0.91                                    0.334397
0.92                                    0.3689731
0.93                                    0.2169295
0.94                                    0.2358112
0.95                                    0.1929734
0.96                                    0.1541936
0.97                                    0.2515616
0.98                                    0.1793958
0.99                                    0.27924
1.0                                     0.0744733


# Wetting Relative Permeability (fraction)
--------------------------------------------------
Wetting-sat (Sw)                        Value
--------------------------------------------------
0.01                                    0.0209648
0.02                                    0.0217435
0.03                                    0.0059558
0.04                                    0.0050461
0.05                                    0.0082494
0.06                                    0.0215718
0.07                                    0.0051705
0.08                                    0.0296937
0.09                                    0.0124026
0.1                                     0.00585
0.11                                    0.0028973
0.12                                    0.0118622
0.13                                    0.0164526
0.14                                    0.0324779
0.15                                    0.004659
0.16                                    0.0111601
0.17                                    0.0088443
0.18                                    0.0261544
0.19                                    0.0042644
0.2                                     0.0205841
0.21                                    0.0118863
0.22                                    0.0042347
0.23                                    0.0072702
0.24                                    0.0219661
0.25                                    0.0255625
0.26                                    0.0617205
0.27                                    0.0282814
0.28                                    0.0110621
0.29                                    0.034231
0.3                                     0.0363623
0.31                                    0.0376824
0.32                                    0.096109
0.33                                    0.048694
0.34                                    0.0440126
0.35                                    0.0226291
0.36                                    0.0415156
0.37                                    0.0367892
0.38                                    0.0294587
0.39                                    0.0638875
0.4                                     0.0571
0.41                                    0.0570507
0.42                                    0.0327878
0.43                                    0.0754284
0.44                                    0.0271746
0.45                                    0.1234593
0.46                                    0.0455256
0.47                                    0.0588574
0.48                                    0.0692623
0.49                                    0.0380004
0.5                                     0.0636169
0.51                                    0.0992739
0.52                                    0.088388
0.53                                    0.1207739
0.54                                    0.1000182
0.55                                    0.098244
0.56                                    0.1100098
0.57                                    0.1285277
0.58                                    0.1179956
0.59                                    0.1414196
0.6                                     0.084738
0.61                                    0.1477149
0.62                                    0.1761252
0.63                                    0.1062463
0.64                                    0.14983
0.65                                    0.1414366
0.66                                    0.1927003
0.67                                    0.1331547
0.68                                    0.1734739
0.69                                    0.1406411
0.7                                     0.1863845
0.71                                    0.2033066
0.72                                    0.1974325
0.73                                    0.227853
0.74                                    0.2090397
0.75                                    0.3398225
0.76                                    0.3430502
0.77                                    0.2432226
0.78                                    0.2483747
0.79                                    0.3084232
0.8                                     0.2743933
0.81                                    0.312703
0.82                                    0.2484753
0.83                                    0.470005
0.84                                    0.3559519
0.85                                    0.3954955
0.86                                    0.3094908
0.87                                    0.3629399
0.88                                    0.4681989
0.89                                    0.3903794
0.9                                     0.4097238
0.91                                    0.4523858
0.92                                    0.5377029
0.93                                    0.5169996
0.94                                    0.5487748
0.95                                    0.5834955
0.96                                    0.5920768
0.97                                    0.6690599
0.98                                    0.6254046
0.99                                    0.7143551
1.0                                     0.9907638


# Non-Wetting Relative Permeability (fraction)
--------------------------------------------------
Wetting-sat (Sw)                        Value
--------------------------------------------------
0.01                                    0.9938555
0.02                                    0.9913825
0.03                                    0.9901894
0.04                                    0.9907263
0.05                                    0.9936807
0.06                                    0.9904014
0.07                                    0.9912215
0.08                                    0.9903185
0.09                                    0.9911757
0.1                                     0.9898684
0.11                                    0.9841547
0.12                                    0.9878687
0.13                                    0.9784462
0.14                                    0.9809715
0.15                                    0.9838089
0.16                                    0.9632341
0.17                                    0.9687784
0.18                                    0.9463853
0.19                                    0.9563254
0.2                                     0.9392381
0.21                                    0.9300781
0.22                                    0.9513838
0.23                                    0.9423974
0.24                                    0.9200497
0.25                                    0.9338771
0.26                                    0.9377145
0.27                                    0.8830783
0.28                                    0.9260923
0.29                                    0.8629082
0.3                                     0.8469908
0.31                                    0.888882
0.32                                    0.8538367
0.33                                    0.8655927
0.34                                    0.8242875
0.35                                    0.8217983
0.36                                    0.8301111
0.37                                    0.8841349
0.38                                    0.8235047
0.39                                    0.8396806
0.4                                     0.8520098
0.41                                    0.8277549
0.42                                    0.8763449
0.43                                    0.8526677
0.44                                    0.8416921
0.45                                    0.8467913
0.46                                    0.7614697
0.47                                    0.675556
0.48                                    0.8218076
0.49                                    0.7925364
0.5                                     0.6990175
0.51                                    0.7609205
0.52                                    0.7493874
0.53                                    0.7904599
0.54                                    0.7668608
0.55                                    0.7724624
0.56                                    0.7151445
0.57                                    0.8097377
0.58                                    0.697939
0.59                                    0.7456467
0.6                                     0.7490956
0.61                                    0.7722
0.62                                    0.7994581
0.63                                    0.7867621
0.64                                    0.7563434
0.65                                    0.7318394
0.66                                    0.6355251
0.67                                    0.6119816
0.68                                    0.7424169
0.69                                    0.7452163
0.7                                     0.614308
0.71                                    0.7094126
0.72                                    0.6067361
0.73                                    0.615065
0.74                                    0.6113746
0.75                                    0.4497334
0.76                                    0.6087185
0.77                                    0.4198713
0.78                                    0.4461481
0.79                                    0.3768891
0.8                                     0.5898229
0.81                                    0.2440727
0.82                                    0.2755936
0.83                                    0.3770263
0.84                                    0.4117951
0.85                                    0.2970683
0.86                                    0.2292688
0.87                                    0.2596489
0.88                                    0.2429133
0.89                                    0.1317831
0.9                                     0.1913656
0.91                                    0.1292825
0.92                                    0.0561654
0.93                                    0.0663232
0.94                                    0.0145433
0.95                                    0.0168816
0.96                                    0.03044
0.97                                    0.0123364
0.98                                    0.0088443
0.99                                    0.0188902
1.0                                     0.071788


# Two-point Correlation Function (1/um)
--------------------------------------------------
lag (px)                                Value
--------------------------------------------------
0.5                                     0.0993371
1.0                                     0.0746325
1.5                                     0.0696376
2.0                                     0.0870913
2.5                                     0.0913204
3.0                                     0.0812625
3.5                                     0.0629551
4.0                                     0.0809751
4.5                                     0.0739437
5.0                                     0.0386259
5.5                                     0.0757073
6.0                                     0.0488789
6.5                                     0.0589824
7.0                                     0.0434018
7.5                                     0.0590818
8.0                                     0.030121
8.5                                     0.0316382
9.0                                     0.0405492
9.5                                     0.0365838
10.0                                    0.0401335
10.5                                    0.0395568
11.0                                    0.0346698
11.5                                    0.0341033
12.0                                    0.0321282
12.5                                    0.0366358
13.0                                    0.0346966
13.5                                    0.0256086
14.0                                    0.0335847
14.5                                    0.0381173
15.0                                    0.0279629
15.5                                    0.0371268
16.0                                    0.0310127
16.5                                    0.0304407
17.0                                    0.0194332
17.5                                    0.0248113
18.0                                    0.0238034
18.5                                    0.0225921
19.0                                    0.0264742
19.5                                    0.0261798
20.0                                    0.0214359
20.5                                    0.0240185
21.0                                    0.0231803
21.5                                    0.0193496
22.0                                    0.024978
22.5                                    0.0238674
23.0                                    0.0195884
23.5                                    0.0233419
24.0                                    0.0226392
24.5                                    0.0213143
25.0                                    0.0179726
25.5                                    0.0248872
26.0                                    0.0205609
26.5                                    0.0199041
27.0                                    0.025085
27.5                                    0.018661
28.0                                    0.0170751
28.5                                    0.0184353
29.0                                    0.0256806
29.5                                    0.017321
30.0                                    0.0203858
30.5                                    0.0188455
31.0                                    0.0172001
31.5                                    0.0195973
32.0                                    0.0162087
32.5                                    0.0195097
33.0                                    0.0263353
33.5                                    0.0169456
34.0                                    0.0159786
34.5                                    0.0176952
35.0                                    0.0173793
35.5                                    0.0167535
36.0                                    0.0167224
36.5                                    0.0145567
37.0                                    0.018297
37.5                                    0.0180994
38.0                                    0.0202282
38.5                                    0.0142561
39.0                                    0.014735
39.5                                    0.0151226
40.0                                    0.0191244
40.5                                    0.0176653
41.0                                    0.0176078
41.5                                    0.0193023
42.0                                    0.0171916
42.5                                    0.0168743
43.0                                    0.0171594
43.5                                    0.0154009
44.0                                    0.0140498
44.5                                    0.0200245
45.0                                    0.0194832
45.5                                    0.0143355
46.0                                    0.0142076
46.5                                    0.0162635
47.0                                    0.0143368
47.5                                    0.0158052
48.0                                    0.0152138
48.5                                    0.0145805
49.0                                    0.0163547
49.5                                    0.0149905
50.0                                    0.0162591


# Pore Radius Distribution (um)
--------------------------------------------------
Cumulative probability                  Value
--------------------------------------------------
0.01                                    3.0913949
0.02                                    2.8559872
0.03                                    3.1423556
0.04                                    6.1299087
0.05                                    2.9874165
0.06                                    1.8229753
0.07                                    3.9264292
0.08                                    3.5043022
0.09                                    2.9214601
0.1                                     4.7068246
0.11                                    4.2277643
0.12                                    4.9011839
0.13                                    3.5678871
0.14                                    3.8343536
0.15                                    3.8854354
0.16                                    5.4318655
0.17                                    7.2110812
0.18                                    4.2355816
0.19                                    7.2180164
0.2                                     5.4444116
0.21                                    5.2399304
0.22                                    4.8561764
0.23                                    5.7648057
0.24                                    5.880721
0.25                                    5.8562408
0.26                                    5.1857479
0.27                                    4.1961387
0.28                                    7.4639101
0.29                                    5.7759179
0.3                                     7.6673435
0.31                                    6.2034454
0.32                                    5.382087
0.33                                    8.8376171
0.34                                    6.9655944
0.35                                    6.0593325
0.36                                    5.2712019
0.37                                    6.4118462
0.38                                    6.6766639
0.39                                    4.7549058
0.4                                     6.4133288
0.41                                    7.8965494
0.42                                    5.5483826
0.43                                    6.1015042
0.44                                    6.7612637
0.45                                    6.5415319
0.46                                    8.4787604
0.47                                    7.4297171
0.48                                    5.5938419
0.49                                    6.726402
0.5                                     7.5816795
0.51                                    7.1637958
0.52                                    9.8548224
0.53                                    7.6897252
0.54                                    7.9964453
0.55                                    9.4951088
0.56                                    9.3723358
0.57                                    7.2640596
0.58                                    7.3782924
0.59                                    7.4878541
0.6                                     9.7422621
0.61                                    12.5342469
0.62                                    10.9949337
0.63                                    9.7043132
0.64                                    9.2059416
0.65                                    9.168167
0.66                                    9.0023857
0.67                                    7.6003227
0.68                                    8.7268283
0.69                                    13.8530073
0.7                                     10.5528922
0.71                                    11.903063
0.72                                    12.5004365
0.73                                    9.8432419
0.74                                    12.3427229
0.75                                    10.5165186
0.76                                    9.4487619
0.77                                    9.1411529
0.78                                    12.1820212
0.79                                    10.0975739
0.8                                     11.0005749
0.81                                    12.8100914
0.82                                    11.6526226
0.83                                    10.5484483
0.84                                    9.2464491
0.85                                    13.4153969
0.86                                    13.7063705
0.87                                    9.7075352
0.88                                    13.2536182
0.89                                    13.5721996
0.9                                     14.1079751
0.91                                    11.1138664
0.92                                    12.2798378
0.93                                    11.7521676
0.94                                    13.0803416
0.95                                    14.273373
0.96                                    12.8244976
0.97                                    13.2474082
0.98                                    12.4125537
0.99                                    15.6916398
1.0                                     14.1520321


# Throat Radius Distribution (um)
--------------------------------------------------
Cumulative probability                  Value
--------------------------------------------------
0.01                                    1.143659
0.02                                    2.7024725
0.03                                    1.4572689
0.04                                    1.7310953
0.05                                    2.5962288
0.06                                    1.6088486
0.07                                    3.2029344
0.08                                    2.6311229
0.09                                    1.4939409
0.1                                     2.9237791
0.11                                    3.340878
0.12                                    2.6920966
0.13                                    6.7233847
0.14                                    4.6010553
0.15                                    2.3357561
0.16                                    7.3834847
0.17                                    6.1035254
0.18                                    6.4752076
0.19                                    5.3833391
0.2                                     2.9978077
0.21                                    6.8449985
0.22                                    3.8916721
0.23                                    3.484448
0.24                                    4.0169918
0.25                                    4.5528187
0.26                                    3.180464
0.27                                    3.7852408
0.28                                    5.7039491
0.29                                    3.9166491
0.3                                     3.4775201
0.31                                    4.8610699
0.32                                    4.6856131
0.33                                    4.8774039
0.34                                    6.9032527
0.35                                    2.8395951
0.36                                    5.3052178
0.37                                    5.4578197
0.38                                    4.6094895
0.39                                    4.9864679
0.4                                     4.332497
0.41                                    6.7412021
0.42                                    4.2383625
0.43                                    4.9278758
0.44                                    6.1844024
0.45                                    5.146513
0.46                                    3.7653078
0.47                                    4.2043196
0.48                                    5.4955538
0.49                                    6.2939016
0.5                                     4.128973
0.51                                    5.5611604
0.52                                    6.7289607
0.53                                    8.3415192
0.54                                    5.7679061
0.55                                    6.2325205
0.56                                    7.1794427
0.57                                    6.221186
0.58                                    5.0586987
0.59                                    7.3160901
0.6                                     7.0804175
0.61                                    6.024071
0.62                                    6.6190347
0.63                                    4.3317974
0.64                                    7.1773828
0.65                                    5.362517
0.66                                    5.4969646
0.67                                    7.39748
0.68                                    7.7389569
0.69                                    4.5546278
0.7                                     5.5528104
0.71                                    7.7843343
0.72                                    6.7953735
0.73                                    7.0745247
0.74                                    10.0587523
0.75                                    10.0277642
0.76                                    6.4584993
0.77                                    5.5480851
0.78                                    7.8554149
0.79                                    8.6969287
0.8                                     8.4860771
0.81                                    7.8669203
0.82                                    7.1955886
0.83                                    11.1270717
0.84                                    8.8338386
0.85                                    11.1736695
0.86                                    6.4809896
0.87                                    10.9627131
0.88                                    8.6403871
0.89                                    9.8561628
0.9                                     10.612743
0.91                                    8.6046755
0.92                                    8.1029963
0.93                                    10.659848
0.94                                    10.0027676
0.95                                    10.8436178
0.96                                    10.5929789
0.97                                    10.6473642
0.98                                    11.7056789
0.99                                    11.5338679
1.0                                     13.8926991


# Throat Lenght Distribution (um)
--------------------------------------------------
Cumulative probability                  Value
--------------------------------------------------
0.01                                    8.7289111
0.02                                    11.9969088
0.03                                    14.180493
0.04                                    17.6385795
0.05                                    18.0788436
0.06                                    25.9809604
0.07                                    19.6583324
0.08                                    16.7761137
0.09                                    24.1919343
0.1                                     20.0787589
0.11                                    30.5305492
0.12                                    16.3082287
0.13                                    16.8625632
0.14                                    21.7251412
0.15                                    20.1726056
0.16                                    27.7594301
0.17                                    19.9468413
0.18                                    20.3557321
0.19                                    27.1577839
0.2                                     21.3507313
0.21                                    25.794302
0.22                                    21.059384
0.23                                    20.632372
0.24                                    20.2437391
0.25                                    22.6105719
0.26                                    22.503823
0.27                                    26.4893975
0.28                                    17.8596525
0.29                                    25.3076839
0.3                                     21.7111936
0.31                                    29.5115137
0.32                                    24.697593
0.33                                    29.9818862
0.34                                    16.2906342
0.35                                    28.0412457
0.36                                    27.4841276
0.37                                    24.9448263
0.38                                    20.9282139
0.39                                    19.4183224
0.4                                     27.4124372
0.41                                    21.6018113
0.42                                    22.681196
0.43                                    20.817018
0.44                                    22.2872736
0.45                                    28.8174203
0.46                                    22.6608284
0.47                                    25.5192501
0.48                                    27.7962545
0.49                                    23.7672948
0.5                                     18.0190409
0.51                                    21.7347412
0.52                                    25.3071001
0.53                                    24.0798275
0.54                                    25.3673914
0.55                                    25.7184648
0.56                                    29.2833396
0.57                                    23.0525646
0.58                                    31.5384154
0.59                                    19.1097522
0.6                                     25.1310085
0.61                                    28.2862762
0.62                                    29.3203835
0.63                                    31.6557683
0.64                                    19.5792428
0.65                                    25.692731
0.66                                    22.8865161
0.67                                    35.0888539
0.68                                    26.4285803
0.69                                    24.1995261
0.7                                     37.964604
0.71                                    23.3104828
0.72                                    20.1227776
0.73                                    27.5003629
0.74                                    25.426838
0.75                                    36.3426367
0.76                                    25.2397118
0.77                                    31.7962507
0.78                                    24.3638728
0.79                                    27.1114733
0.8                                     28.3282019
0.81                                    25.8440514
0.82                                    29.9757974
0.83                                    38.0644339
0.84                                    25.6625915
0.85                                    24.9347274
0.86                                    29.8319674
0.87                                    26.9569771
0.88                                    28.7459784
0.89                                    32.9277243
0.9                                     37.1113293
0.91                                    34.2794033
0.92                                    32.2398563
0.93                                    39.0393347
0.94                                    33.0667346
0.95                                    29.5555407
0.96                                    24.849845
0.97                                    33.7253286
0.98                                    35.9734295
0.99                                    34.811918
1.0                                     27.3905831


# Pore Inscribed Radius Distribution (um)
--------------------------------------------------
Cumulative probability                  Value
--------------------------------------------------
0.01                                    1.803506
0.02                                    1.3886646
0.03                                    1.2351053
0.04                                    1.4072931
0.05                                    2.1333684
0.06                                    1.5888578
0.07                                    1.4883936
0.08                                    1.8181462
0.09                                    2.0570241
0.1                                     1.8930339
0.11                                    2.3388966
0.12                                    1.7771431
0.13                                    2.7841742
0.14                                    2.2440074
0.15                                    1.8624329
0.16                                    1.7033622
0.17                                    2.2533412
0.18                                    2.1935155
0.19                                    2.806147
0.2                                     2.1870711
0.21                                    4.5550195
0.22                                    3.2440876
0.23                                    2.9183774
0.24                                    3.3222504
0.25                                    2.7430437
0.26                                    3.3426933
0.27                                    3.6870855
0.28                                    3.7275564
0.29                                    2.8491205
0.3                                     3.5561933
0.31                                    4.3024571
0.32                                    3.7706746
0.33                                    4.501848
0.34                                    4.7073802
0.35                                    3.0186532
0.36                                    4.6064807
0.37                                    3.1150993
0.38                                    5.0313317
0.39                                    3.6687071
0.4                                     4.1684981
0.41                                    5.3492838
0.42                                    5.0761632
0.43                                    4.5554599
0.44                                    3.8244665
0.45                                    3.6078282
0.46                                    3.7047077
0.47                                    3.0981321
0.48                                    5.7551753
0.49                                    4.6294306
0.5                                     4.2193626
0.51                                    3.5980655
0.52                                    5.5647215
0.53                                    4.9976105
0.54                                    4.703963
0.55                                    6.2862825
0.56                                    6.6056033
0.57                                    5.8441299
0.58                                    5.6545278
0.59                                    7.5826004
0.6                                     5.5607187
0.61                                    6.887267
0.62                                    5.6942891
0.63                                    4.9269777
0.64                                    5.8882274
0.65                                    4.3506489
0.66                                    6.8545944
0.67                                    5.3315175
0.68                                    5.4976411
0.69                                    4.8752899
0.7                                     6.9587481
0.71                                    6.9180289
0.72                                    4.0592799
0.73                                    6.7147249
0.74                                    8.8113282
0.75                                    5.5442703
0.76                                    6.3854019
0.77                                    7.5626803
0.78                                    5.5933335
0.79                                    8.7189593
0.8                                     7.5389617
0.81                                    8.6719518
0.82                                    7.3735011
0.83                                    7.107652
0.84                                    7.1911692
0.85                                    8.075835
0.86                                    5.6747509
0.87                                    9.3410644
0.88                                    8.5170737
0.89                                    9.6885248
0.9                                     8.7736051
0.91                                    8.076593
0.92                                    7.9028616
0.93                                    8.2174675
0.94                                    7.4716464
0.95                                    6.776441
0.96                                    8.1158827
0.97                                    11.9347668
0.98                                    13.6543928
0.99                                    8.1128789
1.0                                     11.0587156


# Throat Inscribed Radius Distribution (um)
--------------------------------------------------
Cumulative probability                  Value
--------------------------------------------------
0.01                                    2.9047496
0.02                                    1.3153905
0.03                                    1.8206501
0.04                                    1.4338811
0.05                                    1.8590669
0.06                                    1.7562384
0.07                                    1.1537416
0.08                                    1.6314855
0.09                                    1.6062191
0.1                                     1.5291129
0.11                                    2.0558358
0.12                                    1.661722
0.13                                    1.467331
0.14                                    1.7696374
0.15                                    1.802813
0.16                                    1.8816187
0.17                                    1.3424312
0.18                                    1.6514422
0.19                                    1.8757763
0.2                                     2.3492484
0.21                                    2.2364664
0.22                                    2.3131388
0.23                                    1.7104044
0.24                                    2.7511287
0.25                                    2.5703435
0.26                                    2.0250111
0.27                                    2.1665216
0.28                                    2.2602666
0.29                                    3.0390372
0.3                                     2.7685828
0.31                                    2.259767
0.32                                    2.7876026
0.33                                    2.3157225
0.34                                    3.8546822
0.35                                    3.5418411
0.36                                    2.3191177
0.37                                    3.253511
0.38                                    2.5337756
0.39                                    2.1609352
0.4                                     3.7485145
0.41                                    3.0412729
0.42                                    3.1935994
0.43                                    3.1302925
0.44                                    3.1533471
0.45                                    3.0130064
0.46                                    4.1554605
0.47                                    2.1764592
0.48                                    3.3055053
0.49                                    3.3936447
0.5                                     3.6656294
0.51                                    4.0615587
0.52                                    3.947816
0.53                                    5.6873548
0.54                                    4.034735
0.55                                    2.9913009
0.56                                    3.4018158
0.57                                    3.1808474
0.58                                    3.4961567
0.59                                    3.5601894
0.6                                     2.8531314
0.61                                    5.0089026
0.62                                    4.2972341
0.63                                    3.7473522
0.64                                    4.3563534
0.65                                    4.4829506
0.66                                    3.8591689
0.67                                    4.0483596
0.68                                    3.4895263
0.69                                    4.3263562
0.7                                     3.3743703
0.71                                    4.6968708
0.72                                    4.5380132
0.73                                    5.6885979
0.74                                    5.0265736
0.75                                    3.8841311
0.76                                    4.5007355
0.77                                    4.5493525
0.78                                    5.1876707
0.79                                    4.9350317
0.8                                     5.7244445
0.81                                    4.8936047
0.82                                    4.1221929
0.83                                    6.4429426
0.84                                    4.0859118
0.85                                    5.0365658
0.86                                    4.9533462
0.87                                    8.0069218
0.88                                    7.4224866
0.89                                    5.8043978
0.9                                     5.2565073
0.91                                    6.0532221
0.92                                    6.1673349
0.93                                    6.6962151
0.94                                    9.0172447
0.95                                    5.7568065
0.96                                    6.3760832
0.97                                    6.2353548
0.98                                    8.8630698
0.99                                    8.7929565
1.0                                     11.7161934


# Throat Average Distance (um)
--------------------------------------------------
Cumulative probability                  Value
--------------------------------------------------
0.01                                    1.375714
0.02                                    1.1328674
0.03                                    1.1852119
0.04                                    1.481009
0.05                                    2.0614286
0.06                                    1.5712956
0.07                                    1.2481494
0.08                                    1.7399368
0.09                                    1.5003726
0.1                                     1.3193919
0.11                                    1.3527994
0.12                                    1.650831
0.13                                    1.6551411
0.14                                    1.1370404
0.15                                    1.6703103
0.16                                    1.4854816
0.17                                    1.628702
0.18                                    1.4006899
0.19                                    1.2563023
0.2                                     1.4223977
0.21                                    1.3702706
0.22                                    1.718759
0.23                                    1.5030309
0.24                                    1.4392267
0.25                                    1.4409682
0.26                                    1.9095167
0.27                                    1.8208335
0.28                                    1.6210294
0.29                                    1.4268434
0.3                                     1.6283455
0.31                                    2.0953156
0.32                                    1.7748904
0.33                                    2.0461924
0.34                                    1.8475101
0.35                                    1.3541453
0.36                                    1.4371237
0.37                                    2.1175148
0.38                                    2.1522484
0.39                                    2.341589
0.4                                     1.896761
0.41                                    1.5995328
0.42                                    1.4705306
0.43                                    1.8868749
0.44                                    1.9876839
0.45                                    1.9741987
0.46                                    2.3389876
0.47                                    2.8302832
0.48                                    1.6778144
0.49                                    1.6134445
0.5                                     2.3155724
0.51                                    1.7603107
0.52                                    2.1222621
0.53                                    3.1618602
0.54                                    2.4843596
0.55                                    1.9812221
0.56                                    1.7827683
0.57                                    2.5221702
0.58                                    1.8361712
0.59                                    2.0849559
0.6                                     2.6061212
0.61                                    2.1536205
0.62                                    2.1747589
0.63                                    1.9603613
0.64                                    3.4454164
0.65                                    2.7788788
0.66                                    1.8487876
0.67                                    3.948199
0.68                                    1.9269445
0.69                                    3.0317784
0.7                                     2.3704429
0.71                                    2.3139601
0.72                                    2.6447386
0.73                                    1.7801343
0.74                                    2.7555736
0.75                                    2.0749924
0.76                                    2.5200737
0.77                                    3.7640732
0.78                                    2.9454587
0.79                                    2.4043246
0.8                                     2.5505151
0.81                                    4.3660891
0.82                                    2.2398292
0.83                                    2.7009854
0.84                                    3.2240325
0.85                                    3.0336682
0.86                                    4.4013902
0.87                                    2.8395797
0.88                                    2.8389649
0.89                                    2.9805678
0.9                                     3.9377194
0.91                                    2.4974946
0.92                                    3.6274174
0.93                                    4.4720986
0.94                                    4.5349598
0.95                                    4.0974538
0.96                                    4.2798939
0.97                                    4.0017647
0.98                                    4.4961262
0.99                                    4.5380261
1.0                                     5.4685662


# Throat Permeability Distribution (um2)
--------------------------------------------------
Cumulative probability                  Value
--------------------------------------------------
0.01                                    41.4483877
0.02                                    7.9884339
0.03                                    25.3718283
0.04                                    7.7595883
0.05                                    16.9608935
0.06                                    3.93241
0.07                                    13.3650258
0.08                                    2.5590393
0.09                                    6.1575189
0.1                                     37.2299604
0.11                                    8.2777012
0.12                                    6.6941976
0.13                                    15.3880065
0.14                                    36.0033024
0.15                                    15.8710261
0.16                                    7.9372775
0.17                                    45.1815
0.18                                    27.8143873
0.19                                    25.6143668
0.2                                     4.8143026
0.21                                    20.0413752
0.22                                    102.6895992
0.23                                    28.3578816
0.24                                    27.7579987
0.25                                    92.1303275
0.26                                    35.2444738
0.27                                    27.0747707
0.28                                    29.0185895
0.29                                    90.7338896
0.3                                     17.4573045
0.31                                    25.9025949
0.32                                    47.6366581
0.33                                    12.3085295
0.34                                    34.38457
0.35                                    20.9820249
0.36                                    23.1818349
0.37                                    29.0824945
0.38                                    15.6662043
0.39                                    69.2397609
0.4                                     21.6987502
0.41                                    38.9189696
0.42                                    21.1743168
0.43                                    47.9400057
0.44                                    75.233137
0.45                                    34.6995296
0.46                                    16.3652221
0.47                                    16.0215377
0.48                                    35.6348025
0.49                                    72.0622647
0.5                                     13.440567
0.51                                    83.0082259
0.52                                    196.1543091
0.53                                    30.2608749
0.54                                    66.6427665
0.55                                    12.0114123
0.56                                    31.5800405
0.57                                    18.7578689
0.58                                    26.0327339
0.59                                    23.7649828
0.6                                     30.6123264
0.61                                    25.2882388
0.62                                    24.1206248
0.63                                    15.2828823
0.64                                    56.9870821
0.65                                    18.3970396
0.66                                    20.1506691
0.67                                    5.9341827
0.68                                    13.7503418
0.69                                    18.1831696
0.7                                     26.564375
0.71                                    42.5232883
0.72                                    18.374174
0.73                                    36.4356815
0.74                                    120.5395642
0.75                                    44.7213446
0.76                                    9.7043008
0.77                                    26.8416517
0.78                                    68.9422708
0.79                                    27.3190677
0.8                                     37.1556522
0.81                                    12.2598654
0.82                                    27.5509072
0.83                                    41.9882845
0.84                                    9.0710277
0.85                                    22.5687888
0.86                                    150.6410765
0.87                                    27.2002755
0.88                                    20.0860617
0.89                                    40.2829503
0.9                                     27.0021792
0.91                                    65.3905986
0.92                                    74.6839685
0.93                                    35.1412672
0.94                                    38.319569
0.95                                    52.3444382
0.96                                    30.3018644
0.97                                    71.5245476
0.98                                    75.4342071
0.99                                    70.7147699
1.0                                     39.2222432


# Coordination Number Distribution
--------------------------------------------------
Cumulative probability                  Value
--------------------------------------------------
0.01                                    0.5429522
0.02                                    2.1022423
0.03                                    0.8961434
0.04                                    0.6468296
0.05                                    0.9934626
0.06                                    0.9417376
0.07                                    0.7598238
0.08                                    2.2367023
0.09                                    2.1322825
0.1                                     0.8386883
0.11                                    0.9126939
0.12                                    3.3096587
0.13                                    1.404699
0.14                                    1.4075326
0.15                                    1.4871597
0.16                                    1.5249674
0.17                                    1.002438
0.18                                    2.7982546
0.19                                    2.2132976
0.2                                     2.2711044
0.21                                    2.8012592
0.22                                    2.2727129
0.23                                    2.5869132
0.24                                    5.0469224
0.25                                    3.5478568
0.26                                    2.2677647
0.27                                    4.2827519
0.28                                    2.8571753
0.29                                    3.253929
0.3                                     3.6110025
0.31                                    1.8021708
0.32                                    7.0405205
0.33                                    5.394599
0.34                                    2.1693247
0.35                                    3.3327641
0.36                                    5.3785964
0.37                                    2.9926887
0.38                                    3.4052827
0.39                                    7.3035915
0.4                                     3.5834451
0.41                                    5.1156977
0.42                                    5.5350576
0.43                                    4.4394398
0.44                                    6.2651883
0.45                                    4.8370063
0.46                                    4.0277689
0.47                                    4.7150221
0.48                                    3.05195
0.49                                    7.4240319
0.5                                     4.062516
0.51                                    5.718158
0.52                                    3.3810763
0.53                                    7.7053183
0.54                                    4.9814551
0.55                                    5.0903642
0.56                                    7.1259732
0.57                                    5.7071732
0.58                                    4.8081265
0.59                                    8.3436425
0.6                                     7.664226
0.61                                    4.3571461
0.62                                    5.3420996
0.63                                    7.3662497
0.64                                    6.8709025
0.65                                    10.8610893
0.66                                    6.910451
0.67                                    8.9723473
0.68                                    7.1457685
0.69                                    5.4692684
0.7                                     8.067232
0.71                                    9.6207447
0.72                                    5.8835495
0.73                                    4.8308015
0.74                                    8.3767968
0.75                                    6.1979456
0.76                                    12.4569102
0.77                                    6.2395572
0.78                                    8.7139616
0.79                                    8.7782541
0.8                                     6.8772161
0.81                                    6.2176774
0.82                                    6.5095234
0.83                                    6.7973072
0.84                                    11.7105802
0.85                                    8.2184825
0.86                                    9.1245215
0.87                                    14.1826966
0.88                                    11.4196433
0.89                                    15.6179348
0.9                                     9.4151334
0.91                                    13.0562522
0.92                                    10.4146712
0.93                                    9.3745298
0.94                                    8.2004284
0.95                                    17.3604649
0.96                                    10.2008352
0.97                                    11.2589262
0.98                                    10.8105982
0.99                                    13.4290256
1.0                                     15.9227964


# Pore Sphericity Distribution (ratio)
--------------------------------------------------
Cumulative probability                  Value
--------------------------------------------------
0.01                                    0.5226463
0.02                                    0.5025789
0.03                                    0.6042571
0.04                                    0.6080598
0.05                                    0.5718223
0.06                                    0.5740906
0.07                                    0.5919334
0.08                                    0.5803114
0.09                                    0.5623001
0.1                                     0.5455332
0.11                                    0.5879959
0.12                                    0.5967628
0.13                                    0.5790134
0.14                                    0.6206252
0.15                                    0.5863084
0.16                                    0.624025
0.17                                    0.5679137
0.18                                    0.6242919
0.19                                    0.6486861
0.2                                     0.631152
0.21                                    0.596235
0.22                                    0.6118039
0.23                                    0.6082025
0.24                                    0.6531502
0.25                                    0.6288099
0.26                                    0.6182983
0.27                                    0.6545753
0.28                                    0.699404
0.29                                    0.6891963
0.3                                     0.6803443
0.31                                    0.6178706
0.32                                    0.724248
0.33                                    0.6375561
0.34                                    0.6619699
0.35                                    0.606506
0.36                                    0.6459566
0.37                                    0.6660108
0.38                                    0.6695358
0.39                                    0.6275524
0.4                                     0.6438675
0.41                                    0.654729
0.42                                    0.6646861
0.43                                    0.611994
0.44                                    0.5907885
0.45                                    0.6608131
0.46                                    0.6528717
0.47                                    0.6785192
0.48                                    0.6360489
0.49                                    0.6473194
0.5                                     0.6572034
0.51                                    0.6524352
0.52                                    0.647995
0.53                                    0.6647214
0.54                                    0.6539792
0.55                                    0.6625755
0.56                                    0.6358821
0.57                                    0.651882
0.58                                    0.7403084
0.59                                    0.6983318
0.6                                     0.6895548
0.61                                    0.6509023
0.62                                    0.6806317
0.63                                    0.6259074
0.64                                    0.6886425
0.65                                    0.7114481
0.66                                    0.6893226
0.67                                    0.6428805
0.68                                    0.7059349
0.69                                    0.7423134
0.7                                     0.6750104
0.71                                    0.6784716
0.72                                    0.7110561
0.73                                    0.7283626
0.74                                    0.6700091
0.75                                    0.6291933
0.76                                    0.698478
0.77                                    0.742668
0.78                                    0.6844817
0.79                                    0.6664344
0.8                                     0.7229644
0.81                                    0.7028069
0.82                                    0.6979528
0.83                                    0.6410918
0.84                                    0.6972319
0.85                                    0.7173465
0.86                                    0.719499
0.87                                    0.7269005
0.88                                    0.6752074
0.89                                    0.6924217
0.9                                     0.6811533
0.91                                    0.7259244
0.92                                    0.6862461
0.93                                    0.6454936
0.94                                    0.6963358
0.95                                    0.6812101
0.96                                    0.6982491
0.97                                    0.784213
0.98                                    0.7865135
0.99                                    0.6842366
1.0                                     0.9751053


# Grain Sphericity Distribution (ratio)
--------------------------------------------------
Cumulative probability                  Value
--------------------------------------------------
0.01                                    0.5031619
0.02                                    0.4742717
0.03                                    0.5380826
0.04                                    0.4705412
0.05                                    0.5866962
0.06                                    0.5144346
0.07                                    0.6060579
0.08                                    0.6219543
0.09                                    0.5369899
0.1                                     0.5837624
0.11                                    0.655457
0.12                                    0.5416123
0.13                                    0.5996396
0.14                                    0.607471
0.15                                    0.6413202
0.16                                    0.6066159
0.17                                    0.7171422
0.18                                    0.6396065
0.19                                    0.6837109
0.2                                     0.6515163
0.21                                    0.6776948
0.22                                    0.6570867
0.23                                    0.6939483
0.24                                    0.6871216
0.25                                    0.6868873
0.26                                    0.6533978
0.27                                    0.7032139
0.28                                    0.6190868
0.29                                    0.7180805
0.3                                     0.631651
0.31                                    0.7400169
0.32                                    0.7072235
0.33                                    0.652344
0.34                                    0.6601815
0.35                                    0.6948288
0.36                                    0.7350969
0.37                                    0.7199894
0.38                                    0.6372506
0.39                                    0.678777
0.4                                     0.7435096
0.41                                    0.7115724
0.42                                    0.7065638
0.43                                    0.7006329
0.44                                    0.7229871
0.45                                    0.6913729
0.46                                    0.7044268
0.47                                    0.6659231
0.48                                    0.7430965
0.49                                    0.7035421
0.5                                     0.6716727
0.51                                    0.7047478
0.52                                    0.659936
0.53                                    0.7167182
0.54                                    0.7378918
0.55                                    0.7637679
0.56                                    0.6598989
0.57                                    0.6950228
0.58                                    0.7028069
0.59                                    0.736035
0.6                                     0.7112446
0.61                                    0.6719189
0.62                                    0.6807181
0.63                                    0.6949649
0.64                                    0.7190221
0.65                                    0.7580377
0.66                                    0.7014248
0.67                                    0.7682982
0.68                                    0.7280392
0.69                                    0.7012613
0.7                                     0.7482286
0.71                                    0.752281
0.72                                    0.7165079
0.73                                    0.8006631
0.74                                    0.7806989
0.75                                    0.7306548
0.76                                    0.676166
0.77                                    0.7456648
0.78                                    0.8102624
0.79                                    0.7743723
0.8                                     0.8187464
0.81                                    0.7283
0.82                                    0.7901628
0.83                                    0.7702381
0.84                                    0.7679547
0.85                                    0.7592983
0.86                                    0.8159899
0.87                                    0.822401
0.88                                    0.7135104
0.89                                    0.7774289
0.9                                     0.7927087
0.91                                    0.7582042
0.92                                    0.7691034
0.93                                    0.8013473
0.94                                    0.8171987
0.95                                    0.7855446
0.96                                    0.8410313
0.97                                    0.8723625
0.98                                    0.8547726
0.99                                    0.9077555
1.0                                     0.9710199


# Grain Radius Distribution (um)
--------------------------------------------------
Cumulative probability                  Value
--------------------------------------------------
0.01                                    10.809094
0.02                                    14.9604358
0.03                                    16.7338557
0.04                                    10.0843285
0.05                                    16.0864367
0.06                                    12.3407948
0.07                                    13.301514
0.08                                    12.1385499
0.09                                    14.4901567
0.1                                     10.5263696
0.11                                    11.4332393
0.12                                    16.1681446
0.13                                    15.9252325
0.14                                    13.2490241
0.15                                    10.1676809
0.16                                    14.647669
0.17                                    15.3790159
0.18                                    10.3156138
0.19                                    14.7349422
0.2                                     8.7974382
0.21                                    16.6022356
0.22                                    16.157009
0.23                                    13.4206389
0.24                                    11.1756974
0.25                                    13.5877026
0.26                                    9.3046242
0.27                                    20.525458
0.28                                    12.4179833
0.29                                    15.1440905
0.3                                     16.0801501
0.31                                    18.3861894
0.32                                    14.0436254
0.33                                    16.2073167
0.34                                    19.0140517
0.35                                    10.5725637
0.36                                    20.1003117
0.37                                    13.19769
0.38                                    18.3564405
0.39                                    15.1420535
0.4                                     17.9345969
0.41                                    16.1715656
0.42                                    18.1824629
0.43                                    14.6812831
0.44                                    14.4225928
0.45                                    17.0043077
0.46                                    18.0398817
0.47                                    13.0151679
0.48                                    20.2416529
0.49                                    21.1460547
0.5                                     17.4839051
0.51                                    19.5157383
0.52                                    17.0772794
0.53                                    24.3069437
0.54                                    21.6980771
0.55                                    19.9648008
0.56                                    15.5584478
0.57                                    22.2288707
0.58                                    20.9386497
0.59                                    18.2432092
0.6                                     17.6432542
0.61                                    22.2509172
0.62                                    20.7735802
0.63                                    16.5974795
0.64                                    20.0275658
0.65                                    23.9883968
0.66                                    22.1904967
0.67                                    21.695497
0.68                                    23.1456835
0.69                                    20.3782439
0.7                                     20.3936707
0.71                                    22.9134383
0.72                                    20.381123
0.73                                    22.5507446
0.74                                    21.4042984
0.75                                    20.7789967
0.76                                    25.8370733
0.77                                    23.9108678
0.78                                    27.5486741
0.79                                    21.1085058
0.8                                     24.646202
0.81                                    32.2667992
0.82                                    29.3238466
0.83                                    31.2594838
0.84                                    23.4093997
0.85                                    23.0148079
0.86                                    31.0778221
0.87                                    33.4421095
0.88                                    31.3471891
0.89                                    26.7095001
0.9                                     27.1076044
0.91                                    23.4670472
0.92                                    31.0621
0.93                                    38.5727135
0.94                                    41.0546515
0.95                                    31.2848695
0.96                                    36.9486373
0.97                                    42.8996324
0.98                                    39.1840653
0.99                                    40.3167275
1.0                                     64.5514401
