DeePore output results including 15 single-value
paramters, 4 functions and 11 distributions
__________________________________________________
        ### Single-value parameters ###
__________________________________________________

Properties                              Value
--------------------------------------------------
Absolute Permeability (um2)             0.036572
Formation Factor (ratio)                16.4133222
Cementation Factor (ratio)              2.2726585
pore density (1/um3)                    0.0014611
Tortuosity (ratio)                      1.4491419
Average Coordination Number             3.4506179
Average Throat Radius (um)              2.0585554
Average Pore Radius (um)                2.831836
Average Throat Length (um)              8.2094629
Pore to Throat Aspect ratio             6.1908907
Specific Surface (1/um)                 0.0001928
Pore Sphericity (ratio)                 4.1780777
Grain Sphericity (ratio)                0.771742
Average Grain Radius (um)               4.1037353
Relative Young Module (ratio)           0.2077544

__________________________________________________
       ### Functions and distributions ###
__________________________________________________


# Leveret J Function (ratio)
--------------------------------------------------
Wetting-sat (Sw)                        Value
--------------------------------------------------
0.01                                    2.0769456
0.02                                    1.970845
0.03                                    1.816754
0.04                                    1.5811886
0.05                                    1.6627364
0.06                                    1.671946
0.07                                    1.4986865
0.08                                    1.6573317
0.09                                    1.4977442
0.1                                     1.6087677
0.11                                    1.6084742
0.12                                    1.3026782
0.13                                    1.6599199
0.14                                    1.6422778
0.15                                    1.6521415
0.16                                    1.4244882
0.17                                    1.516111
0.18                                    1.3815575
0.19                                    1.3676911
0.2                                     1.3409358
0.21                                    1.5181562
0.22                                    1.4253989
0.23                                    1.3505001
0.24                                    1.4532684
0.25                                    1.3523548
0.26                                    1.3002937
0.27                                    1.5006451
0.28                                    1.3831688
0.29                                    1.3045658
0.3                                     1.319647
0.31                                    1.4058936
0.32                                    1.5127487
0.33                                    1.2174872
0.34                                    1.42955
0.35                                    1.4141436
0.36                                    1.4783041
0.37                                    1.4862824
0.38                                    1.3819596
0.39                                    1.2637743
0.4                                     1.4587399
0.41                                    1.3738589
0.42                                    1.4016003
0.43                                    1.3095912
0.44                                    1.4710921
0.45                                    1.2367158
0.46                                    1.5223434
0.47                                    1.3659183
0.48                                    1.3080982
0.49                                    1.4012104
0.5                                     1.249644
0.51                                    1.3441757
0.52                                    1.2824207
0.53                                    1.404485
0.54                                    1.3460547
0.55                                    1.407488
0.56                                    1.2157454
0.57                                    1.2615007
0.58                                    1.2757396
0.59                                    1.4582893
0.6                                     1.3298708
0.61                                    1.2616107
0.62                                    1.2224418
0.63                                    1.3251901
0.64                                    1.2832091
0.65                                    1.2673148
0.66                                    1.3366681
0.67                                    1.4029908
0.68                                    1.4601797
0.69                                    1.2849085
0.7                                     1.4085744
0.71                                    1.1981372
0.72                                    1.3592354
0.73                                    1.2430683
0.74                                    1.2364381
0.75                                    1.1732344
0.76                                    1.2270055
0.77                                    1.1666827
0.78                                    1.2754108
0.79                                    1.3181005
0.8                                     1.2407594
0.81                                    1.3396535
0.82                                    1.3034474
0.83                                    1.3434626
0.84                                    1.2565927
0.85                                    1.3378515
0.86                                    1.2360122
0.87                                    1.0751723
0.88                                    1.1585721
0.89                                    1.291231
0.9                                     1.383603
0.91                                    1.2284044
0.92                                    1.0628288
0.93                                    1.1957278
0.94                                    1.2013255
0.95                                    1.2629416
0.96                                    1.1664764
0.97                                    1.0984586
0.98                                    1.1005898
0.99                                    0.9895533
1.0                                     0.7651382


# Wetting Relative Permeability (fraction)
--------------------------------------------------
Wetting-sat (Sw)                        Value
--------------------------------------------------
0.01                                    0.0265564
0.02                                    0.0247759
0.03                                    0.0282651
0.04                                    0.0207082
0.05                                    0.0237323
0.06                                    0.0242397
0.07                                    0.0232009
0.08                                    0.0299942
0.09                                    0.0246531
0.1                                     0.0237323
0.11                                    0.0219839
0.12                                    0.0261168
0.13                                    0.0280429
0.14                                    0.0277831
0.15                                    0.0274561
0.16                                    0.0261653
0.17                                    0.026636
0.18                                    0.0349555
0.19                                    0.0265965
0.2                                     0.0295052
0.21                                    0.0285076
0.22                                    0.0226163
0.23                                    0.0281739
0.24                                    0.0432069
0.25                                    0.0475529
0.26                                    0.0440941
0.27                                    0.0392702
0.28                                    0.050536
0.29                                    0.0606871
0.3                                     0.0659866
0.31                                    0.0720366
0.32                                    0.0891087
0.33                                    0.0683849
0.34                                    0.0637871
0.35                                    0.0756037
0.36                                    0.0885392
0.37                                    0.0872343
0.38                                    0.0926015
0.39                                    0.1022806
0.4                                     0.1008027
0.41                                    0.1154544
0.42                                    0.1048553
0.43                                    0.1398056
0.44                                    0.1269902
0.45                                    0.1316286
0.46                                    0.1504339
0.47                                    0.1295184
0.48                                    0.1578712
0.49                                    0.1511293
0.5                                     0.1744289
0.51                                    0.1848343
0.52                                    0.173971
0.53                                    0.1847175
0.54                                    0.1972135
0.55                                    0.2124492
0.56                                    0.2012133
0.57                                    0.2190359
0.58                                    0.2417056
0.59                                    0.2272689
0.6                                     0.2264556
0.61                                    0.2582867
0.62                                    0.2390851
0.63                                    0.2331386
0.64                                    0.2535143
0.65                                    0.2769741
0.66                                    0.2738836
0.67                                    0.2905372
0.68                                    0.2833949
0.69                                    0.2769913
0.7                                     0.3271556
0.71                                    0.2996933
0.72                                    0.2967889
0.73                                    0.33455
0.74                                    0.3227307
0.75                                    0.3079933
0.76                                    0.3412757
0.77                                    0.3354569
0.78                                    0.3547214
0.79                                    0.3252466
0.8                                     0.3568466
0.81                                    0.3736974
0.82                                    0.3320029
0.83                                    0.3694027
0.84                                    0.3468
0.85                                    0.3685507
0.86                                    0.4198951
0.87                                    0.4168656
0.88                                    0.447382
0.89                                    0.4528903
0.9                                     0.4661019
0.91                                    0.4802694
0.92                                    0.5123261
0.93                                    0.5203159
0.94                                    0.5407053
0.95                                    0.5584373
0.96                                    0.588164
0.97                                    0.5993094
0.98                                    0.6431885
0.99                                    0.656134
1.0                                     0.9774694


# Non-Wetting Relative Permeability (fraction)
--------------------------------------------------
Wetting-sat (Sw)                        Value
--------------------------------------------------
0.01                                    0.9712254
0.02                                    0.94054
0.03                                    0.939477
0.04                                    0.8927729
0.05                                    0.9029461
0.06                                    0.8579801
0.07                                    0.8639462
0.08                                    0.8317778
0.09                                    0.7959407
0.1                                     0.8226023
0.11                                    0.7657087
0.12                                    0.757228
0.13                                    0.7771181
0.14                                    0.7508155
0.15                                    0.7447469
0.16                                    0.7120709
0.17                                    0.7216557
0.18                                    0.7215917
0.19                                    0.6783735
0.2                                     0.6838971
0.21                                    0.6821302
0.22                                    0.6609496
0.23                                    0.6690812
0.24                                    0.6637974
0.25                                    0.6257327
0.26                                    0.6197569
0.27                                    0.6168829
0.28                                    0.5931057
0.29                                    0.5992267
0.3                                     0.6018113
0.31                                    0.578693
0.32                                    0.580293
0.33                                    0.5462309
0.34                                    0.5903105
0.35                                    0.5675513
0.36                                    0.5536916
0.37                                    0.5868541
0.38                                    0.5678052
0.39                                    0.5630208
0.4                                     0.5763489
0.41                                    0.5675212
0.42                                    0.555038
0.43                                    0.5279265
0.44                                    0.5537277
0.45                                    0.5213118
0.46                                    0.4987755
0.47                                    0.5051771
0.48                                    0.4819982
0.49                                    0.4983203
0.5                                     0.4876935
0.51                                    0.4855281
0.52                                    0.4501954
0.53                                    0.4339978
0.54                                    0.4344032
0.55                                    0.4222257
0.56                                    0.4309973
0.57                                    0.4368809
0.58                                    0.4413209
0.59                                    0.426528
0.6                                     0.4289419
0.61                                    0.4488382
0.62                                    0.4183368
0.63                                    0.3867116
0.64                                    0.4217015
0.65                                    0.4194947
0.66                                    0.3835369
0.67                                    0.3850408
0.68                                    0.3752289
0.69                                    0.4038966
0.7                                     0.3805457
0.71                                    0.3860674
0.72                                    0.3562005
0.73                                    0.378006
0.74                                    0.3443853
0.75                                    0.3585937
0.76                                    0.3468776
0.77                                    0.3519135
0.78                                    0.322552
0.79                                    0.3313453
0.8                                     0.3074368
0.81                                    0.3167301
0.82                                    0.3018389
0.83                                    0.2732544
0.84                                    0.2657744
0.85                                    0.2749932
0.86                                    0.2657346
0.87                                    0.2483177
0.88                                    0.2556201
0.89                                    0.2091152
0.9                                     0.1947273
0.91                                    0.1649833
0.92                                    0.2006139
0.93                                    0.1673634
0.94                                    0.1465178
0.95                                    0.1141143
0.96                                    0.1006362
0.97                                    0.0706579
0.98                                    0.0657254
0.99                                    0.0698365
1.0                                     0.0315538


# Two-point Correlation Function (1/um)
--------------------------------------------------
lag (px)                                Value
--------------------------------------------------
0.5                                     0.2660398
1.0                                     0.2900194
1.5                                     0.2795846
2.0                                     0.2767863
2.5                                     0.2814342
3.0                                     0.2658943
3.5                                     0.2586553
4.0                                     0.271726
4.5                                     0.2755135
5.0                                     0.267526
5.5                                     0.2590048
6.0                                     0.2604392
6.5                                     0.2563075
7.0                                     0.2613763
7.5                                     0.261579
8.0                                     0.2377216
8.5                                     0.2474928
9.0                                     0.2409204
9.5                                     0.2375452
10.0                                    0.2253543
10.5                                    0.2371774
11.0                                    0.242631
11.5                                    0.2339251
12.0                                    0.2379562
12.5                                    0.2390862
13.0                                    0.2208944
13.5                                    0.2259225
14.0                                    0.2061435
14.5                                    0.2101651
15.0                                    0.2131669
15.5                                    0.2154729
16.0                                    0.2036622
16.5                                    0.213808
17.0                                    0.2061606
17.5                                    0.206848
18.0                                    0.2106188
18.5                                    0.2031407
19.0                                    0.1860033
19.5                                    0.209134
20.0                                    0.2031784
20.5                                    0.1989266
21.0                                    0.2020398
21.5                                    0.2105033
22.0                                    0.1842453
22.5                                    0.1905725
23.0                                    0.2025893
23.5                                    0.1895841
24.0                                    0.1779516
24.5                                    0.1766156
25.0                                    0.1752193
25.5                                    0.1869014
26.0                                    0.1947449
26.5                                    0.1843324
27.0                                    0.1881083
27.5                                    0.1820378
28.0                                    0.1793921
28.5                                    0.1684906
29.0                                    0.1775609
29.5                                    0.1853249
30.0                                    0.1810607
30.5                                    0.1834958
31.0                                    0.1674946
31.5                                    0.1787261
32.0                                    0.1753498
32.5                                    0.1815596
33.0                                    0.1701439
33.5                                    0.1645819
34.0                                    0.1859493
34.5                                    0.1720193
35.0                                    0.1577153
35.5                                    0.1929462
36.0                                    0.1673202
36.5                                    0.1593117
37.0                                    0.1697071
37.5                                    0.1774957
38.0                                    0.1776737
38.5                                    0.1710865
39.0                                    0.1772912
39.5                                    0.174959
40.0                                    0.1771802
40.5                                    0.1726068
41.0                                    0.1667564
41.5                                    0.1766822
42.0                                    0.1674448
42.5                                    0.1658377
43.0                                    0.1603331
43.5                                    0.1695872
44.0                                    0.1681556
44.5                                    0.1680269
45.0                                    0.1637831
45.5                                    0.1639327
46.0                                    0.1562962
46.5                                    0.1692708
47.0                                    0.1753964
47.5                                    0.1731692
48.0                                    0.1687887
48.5                                    0.1734944
49.0                                    0.1695872
49.5                                    0.1890098
50.0                                    0.1660115


# Pore Radius Distribution (um)
--------------------------------------------------
Cumulative probability                  Value
--------------------------------------------------
0.01                                    4.5390469
0.02                                    5.4946946
0.03                                    6.1540133
0.04                                    8.6885052
0.05                                    7.96746
0.06                                    8.0675495
0.07                                    10.228667
0.08                                    9.335364
0.09                                    10.3080472
0.1                                     10.417647
0.11                                    11.0265047
0.12                                    12.0973136
0.13                                    11.9386046
0.14                                    11.0407035
0.15                                    12.2177435
0.16                                    13.5096548
0.17                                    11.4301129
0.18                                    13.1251554
0.19                                    11.9549814
0.2                                     13.007664
0.21                                    14.6884792
0.22                                    12.5691784
0.23                                    13.3325865
0.24                                    12.3106648
0.25                                    13.8636355
0.26                                    12.7648436
0.27                                    14.2991634
0.28                                    13.5111484
0.29                                    13.4126456
0.3                                     13.345545
0.31                                    14.5982607
0.32                                    13.845357
0.33                                    14.7719052
0.34                                    14.4431681
0.35                                    13.6404726
0.36                                    14.5815142
0.37                                    14.9036422
0.38                                    14.7089146
0.39                                    14.619796
0.4                                     14.4279023
0.41                                    15.671109
0.42                                    14.8271693
0.43                                    16.2819015
0.44                                    15.7784969
0.45                                    15.2043166
0.46                                    14.5269977
0.47                                    15.1389315
0.48                                    17.4243486
0.49                                    17.1576158
0.5                                     15.3890022
0.51                                    17.4259962
0.52                                    16.2370601
0.53                                    17.5798173
0.54                                    17.1156111
0.55                                    16.1117175
0.56                                    15.1188603
0.57                                    16.9409757
0.58                                    15.7019598
0.59                                    16.7651863
0.6                                     17.2560727
0.61                                    17.2509334
0.62                                    17.6992775
0.63                                    17.4745587
0.64                                    18.7624856
0.65                                    18.769924
0.66                                    17.2022168
0.67                                    18.3175983
0.68                                    17.2932078
0.69                                    18.5234221
0.7                                     17.7939437
0.71                                    18.1943033
0.72                                    18.5164387
0.73                                    18.6982354
0.74                                    19.6333578
0.75                                    18.6267578
0.76                                    17.2047783
0.77                                    19.9458292
0.78                                    19.849497
0.79                                    19.6089583
0.8                                     19.5810175
0.81                                    19.3263304
0.82                                    19.8416843
0.83                                    19.6922008
0.84                                    20.7163032
0.85                                    19.8138628
0.86                                    20.3832102
0.87                                    21.2190628
0.88                                    21.2773095
0.89                                    21.3509613
0.9                                     21.0912358
0.91                                    21.9612034
0.92                                    21.3995348
0.93                                    21.1296131
0.94                                    23.5047991
0.95                                    21.5688748
0.96                                    21.7632272
0.97                                    21.0889331
0.98                                    24.4418407
0.99                                    25.0997609
1.0                                     28.8459879


# Throat Radius Distribution (um)
--------------------------------------------------
Cumulative probability                  Value
--------------------------------------------------
0.01                                    2.9603676
0.02                                    5.2262192
0.03                                    5.9428819
0.04                                    6.5046198
0.05                                    6.784871
0.06                                    6.3946863
0.07                                    7.4118159
0.08                                    7.9008756
0.09                                    6.9402535
0.1                                     8.0758794
0.11                                    7.1111965
0.12                                    8.9254366
0.13                                    7.5852212
0.14                                    8.6036414
0.15                                    9.3157323
0.16                                    8.7089941
0.17                                    9.0164741
0.18                                    9.6621479
0.19                                    10.359653
0.2                                     9.3787156
0.21                                    10.7990041
0.22                                    11.0667481
0.23                                    11.1461684
0.24                                    10.4029153
0.25                                    11.912814
0.26                                    10.2188947
0.27                                    11.3646577
0.28                                    12.0287835
0.29                                    11.8633459
0.3                                     13.1380872
0.31                                    12.9711596
0.32                                    12.4313046
0.33                                    12.3499358
0.34                                    13.5436415
0.35                                    11.6621826
0.36                                    12.5853834
0.37                                    13.3500702
0.38                                    13.5275611
0.39                                    14.3136348
0.4                                     12.676199
0.41                                    11.8963668
0.42                                    12.8373437
0.43                                    12.7834507
0.44                                    14.6985322
0.45                                    12.7228885
0.46                                    13.3360674
0.47                                    12.6785659
0.48                                    13.6190599
0.49                                    12.6706127
0.5                                     14.269007
0.51                                    14.3161354
0.52                                    15.5628741
0.53                                    15.167272
0.54                                    15.7173646
0.55                                    13.5616236
0.56                                    15.4079932
0.57                                    14.6038064
0.58                                    14.9123514
0.59                                    15.8753058
0.6                                     16.0591486
0.61                                    15.5805043
0.62                                    16.153105
0.63                                    14.7824569
0.64                                    15.3753636
0.65                                    14.9277804
0.66                                    15.7362471
0.67                                    16.7625825
0.68                                    16.0613179
0.69                                    16.2043411
0.7                                     15.3114097
0.71                                    17.7047789
0.72                                    16.4826682
0.73                                    16.875705
0.74                                    16.1314954
0.75                                    17.415691
0.76                                    16.0161539
0.77                                    16.0871961
0.78                                    19.1619601
0.79                                    17.5084804
0.8                                     17.1872448
0.81                                    17.789735
0.82                                    17.1601079
0.83                                    18.4907721
0.84                                    17.4809878
0.85                                    18.9495438
0.86                                    18.6675518
0.87                                    18.7280531
0.88                                    18.0806591
0.89                                    19.8704226
0.9                                     19.1400267
0.91                                    20.3489096
0.92                                    19.6111913
0.93                                    18.1608477
0.94                                    19.1400622
0.95                                    21.1908389
0.96                                    20.7782495
0.97                                    21.6041283
0.98                                    20.7275768
0.99                                    22.2264255
1.0                                     28.1621688


# Throat Lenght Distribution (um)
--------------------------------------------------
Cumulative probability                  Value
--------------------------------------------------
0.01                                    19.1808091
0.02                                    22.3834349
0.03                                    21.4452758
0.04                                    29.379267
0.05                                    28.3052133
0.06                                    25.7704191
0.07                                    26.7661181
0.08                                    30.5436583
0.09                                    28.6034899
0.1                                     30.1949947
0.11                                    33.9534903
0.12                                    28.7819478
0.13                                    32.6075542
0.14                                    32.9798689
0.15                                    34.6122809
0.16                                    34.5440934
0.17                                    34.1540714
0.18                                    35.6436264
0.19                                    36.7876128
0.2                                     37.039465
0.21                                    37.7108596
0.22                                    34.2013737
0.23                                    35.2160553
0.24                                    32.5855552
0.25                                    34.8675532
0.26                                    36.7510596
0.27                                    38.2671123
0.28                                    32.0503098
0.29                                    33.1803756
0.3                                     36.3784488
0.31                                    36.4258877
0.32                                    37.3119084
0.33                                    32.7534194
0.34                                    37.9531014
0.35                                    35.1699062
0.36                                    38.0666202
0.37                                    36.3478787
0.38                                    38.8642576
0.39                                    38.1206302
0.4                                     41.5949686
0.41                                    40.6639623
0.42                                    40.2868818
0.43                                    37.2147119
0.44                                    35.0815437
0.45                                    36.4627266
0.46                                    44.0727674
0.47                                    39.4060969
0.48                                    40.1659224
0.49                                    37.8376821
0.5                                     40.3711306
0.51                                    38.9875813
0.52                                    41.291744
0.53                                    41.2329267
0.54                                    40.532904
0.55                                    43.7076491
0.56                                    43.2771299
0.57                                    41.5383748
0.58                                    43.2737056
0.59                                    41.8897671
0.6                                     41.5125333
0.61                                    40.3360266
0.62                                    44.0362432
0.63                                    42.5593895
0.64                                    42.8439193
0.65                                    44.1810152
0.66                                    43.5306673
0.67                                    40.618983
0.68                                    40.3487465
0.69                                    42.91438
0.7                                     45.3011642
0.71                                    43.7092473
0.72                                    42.7311417
0.73                                    43.5277357
0.74                                    46.0426716
0.75                                    45.4286409
0.76                                    44.8045693
0.77                                    47.993409
0.78                                    46.2161836
0.79                                    46.3981134
0.8                                     45.4037435
0.81                                    50.4030742
0.82                                    46.2739284
0.83                                    48.3630364
0.84                                    48.4964881
0.85                                    45.5406981
0.86                                    45.8834406
0.87                                    48.1555964
0.88                                    45.817605
0.89                                    49.8916476
0.9                                     49.7295265
0.91                                    49.3851153
0.92                                    49.0128254
0.93                                    49.8615868
0.94                                    53.0292391
0.95                                    52.8963092
0.96                                    54.6449975
0.97                                    55.3108147
0.98                                    55.763631
0.99                                    58.8689175
1.0                                     65.8773681


# Pore Inscribed Radius Distribution (um)
--------------------------------------------------
Cumulative probability                  Value
--------------------------------------------------
0.01                                    4.0255848
0.02                                    4.5143481
0.03                                    5.410669
0.04                                    4.843639
0.05                                    7.8844122
0.06                                    7.7649592
0.07                                    6.9438046
0.08                                    7.3482404
0.09                                    8.7737968
0.1                                     8.4971105
0.11                                    8.0544889
0.12                                    10.0048928
0.13                                    9.1909758
0.14                                    10.1962784
0.15                                    9.3703155
0.16                                    10.6145951
0.17                                    10.1889689
0.18                                    11.2881367
0.19                                    11.0796179
0.2                                     10.7199258
0.21                                    10.209212
0.22                                    12.4265189
0.23                                    10.4730101
0.24                                    11.3286993
0.25                                    11.9280787
0.26                                    11.6496239
0.27                                    12.102724
0.28                                    12.2849725
0.29                                    10.6260067
0.3                                     12.6718595
0.31                                    11.7528984
0.32                                    12.1418784
0.33                                    12.3129712
0.34                                    11.6540786
0.35                                    13.0534579
0.36                                    13.2467525
0.37                                    15.3445186
0.38                                    13.2359332
0.39                                    12.1051252
0.4                                     14.0164749
0.41                                    14.4611347
0.42                                    13.9141984
0.43                                    14.3508347
0.44                                    14.0267206
0.45                                    13.0212322
0.46                                    12.9992753
0.47                                    13.5216746
0.48                                    14.5251333
0.49                                    14.0062523
0.5                                     14.3913416
0.51                                    14.6641459
0.52                                    14.1357973
0.53                                    15.0436018
0.54                                    15.5119562
0.55                                    15.1064662
0.56                                    14.3344171
0.57                                    15.2520787
0.58                                    14.887919
0.59                                    16.1312527
0.6                                     13.9338655
0.61                                    15.036858
0.62                                    15.1381064
0.63                                    15.5705987
0.64                                    15.9828684
0.65                                    15.61913
0.66                                    15.2289944
0.67                                    14.4790923
0.68                                    15.1216871
0.69                                    16.9566584
0.7                                     16.4348489
0.71                                    15.9346574
0.72                                    16.2952714
0.73                                    16.2489709
0.74                                    16.384193
0.75                                    17.2525299
0.76                                    16.796235
0.77                                    16.1387857
0.78                                    16.8904247
0.79                                    15.221797
0.8                                     18.6081477
0.81                                    17.1150239
0.82                                    17.2622885
0.83                                    17.8687019
0.84                                    17.269967
0.85                                    17.806096
0.86                                    18.4157041
0.87                                    18.3681573
0.88                                    17.6540959
0.89                                    20.3289233
0.9                                     17.9166219
0.91                                    18.0981821
0.92                                    20.4832107
0.93                                    18.9403538
0.94                                    19.4748033
0.95                                    21.2661013
0.96                                    20.9822295
0.97                                    19.5882277
0.98                                    20.3280142
0.99                                    20.951043
1.0                                     22.7960614


# Throat Inscribed Radius Distribution (um)
--------------------------------------------------
Cumulative probability                  Value
--------------------------------------------------
0.01                                    2.3523165
0.02                                    2.2260139
0.03                                    2.9259172
0.04                                    3.1697345
0.05                                    4.3244516
0.06                                    4.7545257
0.07                                    4.575777
0.08                                    4.7578415
0.09                                    5.6648271
0.1                                     5.9653745
0.11                                    6.0298312
0.12                                    5.274669
0.13                                    5.9772625
0.14                                    6.4666146
0.15                                    7.8746703
0.16                                    7.033373
0.17                                    7.0700964
0.18                                    6.5956634
0.19                                    7.7189527
0.2                                     6.5495047
0.21                                    7.251273
0.22                                    7.5770845
0.23                                    7.0261999
0.24                                    7.7723052
0.25                                    7.5959044
0.26                                    7.99752
0.27                                    7.6659038
0.28                                    7.9254289
0.29                                    8.4075261
0.3                                     9.3318827
0.31                                    9.5073305
0.32                                    9.5547062
0.33                                    8.9244102
0.34                                    9.6535352
0.35                                    9.6690108
0.36                                    9.0177016
0.37                                    10.0569437
0.38                                    9.4828693
0.39                                    9.4560439
0.4                                     9.6389618
0.41                                    9.8631565
0.42                                    10.4626525
0.43                                    10.5629619
0.44                                    9.9048698
0.45                                    10.5239577
0.46                                    10.7600573
0.47                                    9.0899824
0.48                                    10.4071601
0.49                                    9.8286794
0.5                                     11.0037985
0.51                                    11.2259612
0.52                                    10.7400025
0.53                                    11.1150781
0.54                                    10.7679829
0.55                                    11.1565549
0.56                                    11.7826472
0.57                                    10.0906108
0.58                                    11.9050786
0.59                                    11.6586032
0.6                                     10.7999426
0.61                                    11.8519416
0.62                                    11.3641834
0.63                                    13.2969658
0.64                                    12.3749063
0.65                                    11.8556607
0.66                                    12.6641002
0.67                                    12.1976311
0.68                                    11.1259358
0.69                                    11.2143965
0.7                                     11.5919244
0.71                                    12.7946585
0.72                                    11.805908
0.73                                    11.7688424
0.74                                    12.6652606
0.75                                    13.8899874
0.76                                    13.0884127
0.77                                    13.2908249
0.78                                    12.8050248
0.79                                    11.7250245
0.8                                     12.7406092
0.81                                    13.6815224
0.82                                    13.2403909
0.83                                    13.727087
0.84                                    13.205701
0.85                                    13.0646232
0.86                                    15.2354972
0.87                                    13.6130969
0.88                                    14.0007851
0.89                                    14.5028998
0.9                                     14.3098874
0.91                                    14.368661
0.92                                    15.4274536
0.93                                    15.5240134
0.94                                    14.7190768
0.95                                    15.4535205
0.96                                    15.2981275
0.97                                    16.8100433
0.98                                    16.1164155
0.99                                    17.0202733
1.0                                     19.8421983


# Throat Average Distance (um)
--------------------------------------------------
Cumulative probability                  Value
--------------------------------------------------
0.01                                    1.9575572
0.02                                    1.9186921
0.03                                    2.0986375
0.04                                    2.2924752
0.05                                    2.6494177
0.06                                    2.687973
0.07                                    2.7436911
0.08                                    3.1757071
0.09                                    3.5861091
0.1                                     3.3044545
0.11                                    3.4109849
0.12                                    3.1946692
0.13                                    4.046962
0.14                                    3.461994
0.15                                    4.1187611
0.16                                    4.1525016
0.17                                    3.603875
0.18                                    3.8171271
0.19                                    4.1074289
0.2                                     3.7419183
0.21                                    4.0783054
0.22                                    4.8095641
0.23                                    4.4183487
0.24                                    4.1703439
0.25                                    4.2908016
0.26                                    4.587659
0.27                                    4.4810885
0.28                                    4.4713921
0.29                                    4.9554304
0.3                                     5.3068615
0.31                                    6.0841363
0.32                                    4.8927793
0.33                                    5.0148092
0.34                                    5.1458704
0.35                                    5.4205665
0.36                                    5.2949098
0.37                                    5.2296383
0.38                                    5.2138005
0.39                                    5.4529437
0.4                                     5.9300576
0.41                                    5.6368078
0.42                                    5.2378014
0.43                                    6.0405966
0.44                                    5.664237
0.45                                    5.5277284
0.46                                    5.832616
0.47                                    6.4351275
0.48                                    5.4319273
0.49                                    5.6605602
0.5                                     5.3178711
0.51                                    6.6430541
0.52                                    5.8995115
0.53                                    6.2919936
0.54                                    5.5760948
0.55                                    6.2108492
0.56                                    6.6141317
0.57                                    6.1381033
0.58                                    6.2562865
0.59                                    5.8947492
0.6                                     5.7110064
0.61                                    6.667454
0.62                                    6.1619523
0.63                                    6.8515657
0.64                                    6.9198116
0.65                                    6.7456714
0.66                                    7.3737743
0.67                                    7.2941277
0.68                                    7.0384685
0.69                                    7.5136506
0.7                                     7.1246233
0.71                                    7.9597514
0.72                                    6.9392488
0.73                                    6.6480031
0.74                                    7.6407429
0.75                                    8.1019184
0.76                                    6.8759288
0.77                                    7.1028525
0.78                                    6.9846148
0.79                                    7.8433721
0.8                                     7.2819674
0.81                                    7.3053877
0.82                                    8.794921
0.83                                    7.1269045
0.84                                    8.0806948
0.85                                    7.7040235
0.86                                    8.1528095
0.87                                    7.7974206
0.88                                    7.7875226
0.89                                    8.0429168
0.9                                     9.9270308
0.91                                    8.5539562
0.92                                    9.0339446
0.93                                    9.5449137
0.94                                    8.8753949
0.95                                    9.4196882
0.96                                    9.8769331
0.97                                    9.2992669
0.98                                    11.399599
0.99                                    11.6180391
1.0                                     13.7697948


# Throat Permeability Distribution (um2)
--------------------------------------------------
Cumulative probability                  Value
--------------------------------------------------
0.01                                    54.1128834
0.02                                    50.0490329
0.03                                    39.9786543
0.04                                    35.8576661
0.05                                    36.2965007
0.06                                    43.0673837
0.07                                    46.4004263
0.08                                    34.5882923
0.09                                    35.8095976
0.1                                     56.8137563
0.11                                    41.4114522
0.12                                    45.0498066
0.13                                    41.8428315
0.14                                    63.3179476
0.15                                    41.8434166
0.16                                    45.3780404
0.17                                    52.3123765
0.18                                    54.3617584
0.19                                    54.0165534
0.2                                     44.7120311
0.21                                    62.1564901
0.22                                    59.3046025
0.23                                    59.3281802
0.24                                    72.7527198
0.25                                    51.0711584
0.26                                    55.0100281
0.27                                    56.6934627
0.28                                    53.8098059
0.29                                    51.2522674
0.3                                     52.4764017
0.31                                    51.1381464
0.32                                    58.5735952
0.33                                    61.3723991
0.34                                    66.9605809
0.35                                    68.4447715
0.36                                    59.3851475
0.37                                    53.1598098
0.38                                    52.8010992
0.39                                    59.8185618
0.4                                     66.1376995
0.41                                    63.2241894
0.42                                    56.2305232
0.43                                    69.1081253
0.44                                    60.7234479
0.45                                    59.6540704
0.46                                    63.7088486
0.47                                    72.6963247
0.48                                    64.1133291
0.49                                    74.7409487
0.5                                     78.6047578
0.51                                    61.7228251
0.52                                    89.7192998
0.53                                    79.8098538
0.54                                    79.9227146
0.55                                    82.1264611
0.56                                    69.838869
0.57                                    70.0385952
0.58                                    88.0210061
0.59                                    69.115063
0.6                                     79.9736186
0.61                                    80.3479503
0.62                                    97.366238
0.63                                    92.3499152
0.64                                    84.8750425
0.65                                    85.9473134
0.66                                    100.0663458
0.67                                    71.9925538
0.68                                    75.8533924
0.69                                    69.985833
0.7                                     80.9418888
0.71                                    105.0107652
0.72                                    106.5294191
0.73                                    85.5540912
0.74                                    98.3349455
0.75                                    109.5137717
0.76                                    92.4225452
0.77                                    97.2825039
0.78                                    90.8873477
0.79                                    115.0720682
0.8                                     106.3441211
0.81                                    81.3366413
0.82                                    127.7883102
0.83                                    103.2874277
0.84                                    106.2501122
0.85                                    117.6103271
0.86                                    130.0565597
0.87                                    116.8294381
0.88                                    116.2702972
0.89                                    126.2271623
0.9                                     123.6732535
0.91                                    132.6889497
0.92                                    155.4949205
0.93                                    158.8835351
0.94                                    129.7327206
0.95                                    158.7133919
0.96                                    184.2100574
0.97                                    166.6830634
0.98                                    193.4811676
0.99                                    194.6258628
1.0                                     333.3434341


# Coordination Number Distribution
--------------------------------------------------
Cumulative probability                  Value
--------------------------------------------------
0.01                                    3.1404604
0.02                                    3.9397525
0.03                                    4.1865057
0.04                                    4.6853053
0.05                                    4.2111162
0.06                                    5.353195
0.07                                    4.9373077
0.08                                    5.816187
0.09                                    5.6346274
0.1                                     6.5690865
0.11                                    7.503427
0.12                                    9.033968
0.13                                    6.8940116
0.14                                    6.4231684
0.15                                    9.3449502
0.16                                    7.7018133
0.17                                    8.2082943
0.18                                    8.4752479
0.19                                    9.3796984
0.2                                     7.8989129
0.21                                    7.6482246
0.22                                    9.927986
0.23                                    9.9213444
0.24                                    10.0581747
0.25                                    11.3413406
0.26                                    8.9630902
0.27                                    10.1040373
0.28                                    9.064571
0.29                                    10.8324432
0.3                                     11.2627911
0.31                                    11.6781194
0.32                                    11.0111723
0.33                                    11.8578125
0.34                                    10.1074445
0.35                                    12.7996066
0.36                                    11.3928948
0.37                                    9.8119432
0.38                                    11.293881
0.39                                    13.0849203
0.4                                     12.5539824
0.41                                    11.2852544
0.42                                    11.3357187
0.43                                    10.8044215
0.44                                    11.8636018
0.45                                    12.4169493
0.46                                    12.2201643
0.47                                    12.8045003
0.48                                    11.3353203
0.49                                    10.9132007
0.5                                     10.9343175
0.51                                    11.970371
0.52                                    12.762263
0.53                                    12.3353206
0.54                                    13.4878073
0.55                                    13.5172366
0.56                                    14.0081611
0.57                                    13.8960315
0.58                                    12.7843072
0.59                                    14.3689098
0.6                                     13.5836454
0.61                                    13.9098951
0.62                                    16.4245811
0.63                                    15.1815691
0.64                                    14.438052
0.65                                    13.0783954
0.66                                    15.7881936
0.67                                    14.4823628
0.68                                    15.3778776
0.69                                    14.6968262
0.7                                     14.9045239
0.71                                    14.0114138
0.72                                    16.1843675
0.73                                    16.3192183
0.74                                    16.5003093
0.75                                    14.3568705
0.76                                    17.453054
0.77                                    15.901186
0.78                                    16.7378506
0.79                                    16.6841117
0.8                                     15.8856447
0.81                                    15.076871
0.82                                    18.7599858
0.83                                    16.1028378
0.84                                    15.5384297
0.85                                    15.294873
0.86                                    17.9632368
0.87                                    19.511989
0.88                                    17.2530603
0.89                                    20.1990179
0.9                                     18.7354135
0.91                                    17.296407
0.92                                    19.4459993
0.93                                    21.0259086
0.94                                    20.7956693
0.95                                    20.0584511
0.96                                    19.8854185
0.97                                    19.7064756
0.98                                    22.332706
0.99                                    23.1331035
1.0                                     27.5181996


# Pore Sphericity Distribution (ratio)
--------------------------------------------------
Cumulative probability                  Value
--------------------------------------------------
0.01                                    0.5980603
0.02                                    0.6209472
0.03                                    0.6341154
0.04                                    0.6617439
0.05                                    0.6740225
0.06                                    0.6769261
0.07                                    0.6759629
0.08                                    0.6878774
0.09                                    0.6973952
0.1                                     0.6891925
0.11                                    0.7028487
0.12                                    0.6906389
0.13                                    0.6967471
0.14                                    0.7190515
0.15                                    0.7132502
0.16                                    0.7174644
0.17                                    0.7083573
0.18                                    0.7174552
0.19                                    0.7156788
0.2                                     0.7109846
0.21                                    0.7321542
0.22                                    0.7231036
0.23                                    0.7319568
0.24                                    0.7467393
0.25                                    0.7563351
0.26                                    0.7378586
0.27                                    0.7490909
0.28                                    0.72985
0.29                                    0.7413077
0.3                                     0.7549747
0.31                                    0.7567202
0.32                                    0.7473158
0.33                                    0.7515696
0.34                                    0.7402876
0.35                                    0.7607452
0.36                                    0.7527879
0.37                                    0.7522242
0.38                                    0.7511982
0.39                                    0.7650787
0.4                                     0.7584225
0.41                                    0.7609104
0.42                                    0.7568844
0.43                                    0.760788
0.44                                    0.7711847
0.45                                    0.7523357
0.46                                    0.7768661
0.47                                    0.7910176
0.48                                    0.7817449
0.49                                    0.7627164
0.5                                     0.7731208
0.51                                    0.7777885
0.52                                    0.7862037
0.53                                    0.7770385
0.54                                    0.7726377
0.55                                    0.7639981
0.56                                    0.7896713
0.57                                    0.7589539
0.58                                    0.7791743
0.59                                    0.7964681
0.6                                     0.7868124
0.61                                    0.7880583
0.62                                    0.7909787
0.63                                    0.7851736
0.64                                    0.7855398
0.65                                    0.7989872
0.66                                    0.7950101
0.67                                    0.7953224
0.68                                    0.7817833
0.69                                    0.8137847
0.7                                     0.8140102
0.71                                    0.7994886
0.72                                    0.8188997
0.73                                    0.8091615
0.74                                    0.8143926
0.75                                    0.7991639
0.76                                    0.8190468
0.77                                    0.8126302
0.78                                    0.8076825
0.79                                    0.8174603
0.8                                     0.8219424
0.81                                    0.8090241
0.82                                    0.8259957
0.83                                    0.8364795
0.84                                    0.8172443
0.85                                    0.8391473
0.86                                    0.844638
0.87                                    0.8222904
0.88                                    0.8248529
0.89                                    0.8463726
0.9                                     0.8394231
0.91                                    0.8497671
0.92                                    0.8740079
0.93                                    0.8368776
0.94                                    0.8720086
0.95                                    0.8707102
0.96                                    0.8844939
0.97                                    0.8912997
0.98                                    0.8868318
0.99                                    0.9072995
1.0                                     0.9564765


# Grain Sphericity Distribution (ratio)
--------------------------------------------------
Cumulative probability                  Value
--------------------------------------------------
0.01                                    0.5233034
0.02                                    0.5520957
0.03                                    0.5703742
0.04                                    0.5930927
0.05                                    0.5833087
0.06                                    0.600552
0.07                                    0.6138315
0.08                                    0.6164924
0.09                                    0.6156475
0.1                                     0.6061513
0.11                                    0.6162713
0.12                                    0.6143908
0.13                                    0.647297
0.14                                    0.6447268
0.15                                    0.6293381
0.16                                    0.6507872
0.17                                    0.632923
0.18                                    0.6465169
0.19                                    0.6468889
0.2                                     0.6583156
0.21                                    0.6439069
0.22                                    0.6669157
0.23                                    0.6778314
0.24                                    0.6694432
0.25                                    0.6565307
0.26                                    0.6632918
0.27                                    0.6686582
0.28                                    0.6755444
0.29                                    0.666343
0.3                                     0.672475
0.31                                    0.688682
0.32                                    0.6890127
0.33                                    0.6651096
0.34                                    0.6814673
0.35                                    0.6664987
0.36                                    0.6940556
0.37                                    0.681036
0.38                                    0.6932338
0.39                                    0.6952077
0.4                                     0.691528
0.41                                    0.6984753
0.42                                    0.6809604
0.43                                    0.6736272
0.44                                    0.7126704
0.45                                    0.6972827
0.46                                    0.713274
0.47                                    0.7063235
0.48                                    0.7084041
0.49                                    0.7050253
0.5                                     0.6940038
0.51                                    0.7222638
0.52                                    0.7103085
0.53                                    0.721658
0.54                                    0.7308357
0.55                                    0.725865
0.56                                    0.7277836
0.57                                    0.700413
0.58                                    0.7190891
0.59                                    0.7141084
0.6                                     0.7247174
0.61                                    0.7212835
0.62                                    0.7260542
0.63                                    0.7326106
0.64                                    0.7230481
0.65                                    0.7372951
0.66                                    0.7291498
0.67                                    0.7214517
0.68                                    0.7222679
0.69                                    0.7316318
0.7                                     0.7475251
0.71                                    0.7309055
0.72                                    0.7619358
0.73                                    0.7465835
0.74                                    0.7426037
0.75                                    0.741933
0.76                                    0.7670874
0.77                                    0.7411252
0.78                                    0.7391238
0.79                                    0.758477
0.8                                     0.7520171
0.81                                    0.7499229
0.82                                    0.7701664
0.83                                    0.7732856
0.84                                    0.7744201
0.85                                    0.7582623
0.86                                    0.7732538
0.87                                    0.7829366
0.88                                    0.7607889
0.89                                    0.7814409
0.9                                     0.7900588
0.91                                    0.7704665
0.92                                    0.7983705
0.93                                    0.8005604
0.94                                    0.8147323
0.95                                    0.824378
0.96                                    0.8144703
0.97                                    0.8385827
0.98                                    0.8557672
0.99                                    0.8893879
1.0                                     0.9527987


# Grain Radius Distribution (um)
--------------------------------------------------
Cumulative probability                  Value
--------------------------------------------------
0.01                                    7.7739571
0.02                                    8.2687804
0.03                                    9.4321027
0.04                                    12.6495707
0.05                                    10.89261
0.06                                    12.8368649
0.07                                    12.4913054
0.08                                    12.5327122
0.09                                    13.7484309
0.1                                     14.0553626
0.11                                    15.0379184
0.12                                    14.0033878
0.13                                    12.9667776
0.14                                    14.3882854
0.15                                    15.3137257
0.16                                    14.1342524
0.17                                    14.5831343
0.18                                    16.001624
0.19                                    16.6382907
0.2                                     15.5865063
0.21                                    15.0187705
0.22                                    17.9184892
0.23                                    15.8351595
0.24                                    17.0738218
0.25                                    17.2684864
0.26                                    16.1882628
0.27                                    19.7944174
0.28                                    18.6597975
0.29                                    16.8963585
0.3                                     18.2580464
0.31                                    20.1466212
0.32                                    17.5587856
0.33                                    18.4786118
0.34                                    23.0891783
0.35                                    19.289355
0.36                                    19.3071714
0.37                                    17.7316185
0.38                                    19.5669259
0.39                                    19.8516464
0.4                                     19.3740981
0.41                                    22.1229316
0.42                                    20.6351377
0.43                                    21.3972538
0.44                                    18.8009446
0.45                                    20.0917624
0.46                                    20.7527798
0.47                                    23.0888634
0.48                                    21.6261135
0.49                                    20.4048428
0.5                                     21.1543027
0.51                                    22.8519706
0.52                                    22.6105841
0.53                                    23.1677202
0.54                                    21.2582182
0.55                                    22.3648283
0.56                                    21.5525974
0.57                                    22.1162923
0.58                                    23.5151898
0.59                                    24.550986
0.6                                     24.0980876
0.61                                    24.7778538
0.62                                    22.9780547
0.63                                    22.8720547
0.64                                    25.2152426
0.65                                    23.1031453
0.66                                    24.4035438
0.67                                    23.7871954
0.68                                    24.9658547
0.69                                    24.663723
0.7                                     23.7332508
0.71                                    24.3708767
0.72                                    24.0332905
0.73                                    28.5332131
0.74                                    25.2067847
0.75                                    25.2063405
0.76                                    25.9504449
0.77                                    27.5401406
0.78                                    26.1855143
0.79                                    27.3535775
0.8                                     28.0611387
0.81                                    28.0430953
0.82                                    28.347641
0.83                                    28.1721548
0.84                                    28.5226804
0.85                                    27.9865339
0.86                                    29.3724847
0.87                                    30.1158764
0.88                                    28.8584067
0.89                                    29.2522076
0.9                                     30.8266621
0.91                                    30.1985387
0.92                                    32.2157641
0.93                                    31.5843186
0.94                                    32.6302764
0.95                                    31.6087157
0.96                                    35.7670636
0.97                                    34.2204871
0.98                                    34.2375419
0.99                                    36.3191299
1.0                                     44.8073892
