DeePore output results including 15 single-value
paramters, 4 functions and 11 distributions
__________________________________________________
        ### Single-value parameters ###
__________________________________________________

Properties                              Value
--------------------------------------------------
Absolute Permeability (um2)             0.1049686
Formation Factor (ratio)                9.0228361
Cementation Factor (ratio)              2.1446726
pore density (1/um3)                    0.0014075
Tortuosity (ratio)                      1.3688987
Average Coordination Number             3.9096713
Average Throat Radius (um)              2.3503102
Average Pore Radius (um)                3.1769302
Average Throat Length (um)              8.6594883
Pore to Throat Aspect ratio             7.2565615
Specific Surface (1/um)                 0.0002264
Pore Sphericity (ratio)                 4.922501
Grain Sphericity (ratio)                0.7821889
Average Grain Radius (um)               3.9825206
Relative Young Module (ratio)           0.1478454

__________________________________________________
       ### Functions and distributions ###
__________________________________________________


# Leveret J Function (ratio)
--------------------------------------------------
Wetting-sat (Sw)                        Value
--------------------------------------------------
0.01                                    2.1839277
0.02                                    1.9268203
0.03                                    1.987077
0.04                                    1.6618254
0.05                                    1.8101025
0.06                                    1.7889365
0.07                                    1.6137087
0.08                                    1.6915305
0.09                                    1.6120822
0.1                                     1.6518448
0.11                                    1.6769762
0.12                                    1.5476087
0.13                                    1.7060802
0.14                                    1.743172
0.15                                    1.6903948
0.16                                    1.5111226
0.17                                    1.5190315
0.18                                    1.5427118
0.19                                    1.5521758
0.2                                     1.5220161
0.21                                    1.5917958
0.22                                    1.4604332
0.23                                    1.4697671
0.24                                    1.5958826
0.25                                    1.4257106
0.26                                    1.4992153
0.27                                    1.5998011
0.28                                    1.5350875
0.29                                    1.3992955
0.3                                     1.502898
0.31                                    1.6126782
0.32                                    1.5694485
0.33                                    1.4095771
0.34                                    1.529441
0.35                                    1.5332681
0.36                                    1.5751819
0.37                                    1.6328092
0.38                                    1.5158009
0.39                                    1.40252
0.4                                     1.6726759
0.41                                    1.5798949
0.42                                    1.5744337
0.43                                    1.4127633
0.44                                    1.5264116
0.45                                    1.3422613
0.46                                    1.5412111
0.47                                    1.5515607
0.48                                    1.499596
0.49                                    1.5338898
0.5                                     1.4622886
0.51                                    1.5710998
0.52                                    1.4152252
0.53                                    1.5438247
0.54                                    1.5127643
0.55                                    1.4953821
0.56                                    1.3418774
0.57                                    1.3559916
0.58                                    1.5319545
0.59                                    1.5361545
0.6                                     1.5283001
0.61                                    1.4353054
0.62                                    1.427278
0.63                                    1.5073261
0.64                                    1.4669287
0.65                                    1.4249155
0.66                                    1.5124918
0.67                                    1.5343626
0.68                                    1.529479
0.69                                    1.5360079
0.7                                     1.503277
0.71                                    1.3801699
0.72                                    1.4626115
0.73                                    1.3998218
0.74                                    1.4146403
0.75                                    1.3398554
0.76                                    1.3745474
0.77                                    1.3549198
0.78                                    1.4488697
0.79                                    1.4520239
0.8                                     1.4095849
0.81                                    1.4431958
0.82                                    1.3893796
0.83                                    1.6201478
0.84                                    1.4130144
0.85                                    1.4625766
0.86                                    1.4488632
0.87                                    1.2842018
0.88                                    1.4060803
0.89                                    1.4983424
0.9                                     1.4650514
0.91                                    1.4279333
0.92                                    1.1351103
0.93                                    1.370861
0.94                                    1.2834098
0.95                                    1.4572676
0.96                                    1.383228
0.97                                    1.3145723
0.98                                    1.2495638
0.99                                    1.1517356
1.0                                     0.8718862


# Wetting Relative Permeability (fraction)
--------------------------------------------------
Wetting-sat (Sw)                        Value
--------------------------------------------------
0.01                                    0.0220952
0.02                                    0.023381
0.03                                    0.0301622
0.04                                    0.0232398
0.05                                    0.024596
0.06                                    0.0214215
0.07                                    0.02008
0.08                                    0.0220838
0.09                                    0.0205378
0.1                                     0.0231577
0.11                                    0.0246977
0.12                                    0.0212522
0.13                                    0.0213447
0.14                                    0.0235523
0.15                                    0.0255209
0.16                                    0.0242276
0.17                                    0.0233507
0.18                                    0.0256158
0.19                                    0.0287181
0.2                                     0.0266845
0.21                                    0.0253515
0.22                                    0.0268571
0.23                                    0.0291569
0.24                                    0.0390539
0.25                                    0.0348507
0.26                                    0.0399828
0.27                                    0.0374456
0.28                                    0.0549123
0.29                                    0.0515142
0.3                                     0.0616445
0.31                                    0.0603713
0.32                                    0.0805784
0.33                                    0.0658275
0.34                                    0.0646726
0.35                                    0.0734477
0.36                                    0.0821722
0.37                                    0.0806209
0.38                                    0.0889097
0.39                                    0.099619
0.4                                     0.107501
0.41                                    0.1225335
0.42                                    0.1042353
0.43                                    0.1153027
0.44                                    0.1234628
0.45                                    0.1205582
0.46                                    0.1387483
0.47                                    0.1331698
0.48                                    0.1461574
0.49                                    0.1463905
0.5                                     0.1645952
0.51                                    0.1564365
0.52                                    0.1633338
0.53                                    0.1789846
0.54                                    0.1917665
0.55                                    0.1971743
0.56                                    0.1953255
0.57                                    0.2141789
0.58                                    0.2361431
0.59                                    0.2110672
0.6                                     0.2142361
0.61                                    0.2443505
0.62                                    0.2260824
0.63                                    0.2351254
0.64                                    0.2516528
0.65                                    0.2552152
0.66                                    0.2789279
0.67                                    0.2789826
0.68                                    0.2666794
0.69                                    0.2686545
0.7                                     0.2940444
0.71                                    0.2915174
0.72                                    0.2890542
0.73                                    0.3027551
0.74                                    0.2986962
0.75                                    0.2934567
0.76                                    0.3203788
0.77                                    0.3091011
0.78                                    0.3348925
0.79                                    0.3203417
0.8                                     0.3347164
0.81                                    0.3683562
0.82                                    0.3421564
0.83                                    0.353642
0.84                                    0.3533877
0.85                                    0.362278
0.86                                    0.4322443
0.87                                    0.420031
0.88                                    0.4758829
0.89                                    0.4699592
0.9                                     0.4784544
0.91                                    0.4908561
0.92                                    0.5030757
0.93                                    0.5278291
0.94                                    0.5421001
0.95                                    0.5793649
0.96                                    0.5850919
0.97                                    0.6247877
0.98                                    0.6302487
0.99                                    0.6736263
1.0                                     0.9799325


# Non-Wetting Relative Permeability (fraction)
--------------------------------------------------
Wetting-sat (Sw)                        Value
--------------------------------------------------
0.01                                    0.97417
0.02                                    0.9339779
0.03                                    0.9113061
0.04                                    0.866794
0.05                                    0.8683977
0.06                                    0.8262177
0.07                                    0.8347337
0.08                                    0.8023553
0.09                                    0.7580382
0.1                                     0.7836046
0.11                                    0.7371755
0.12                                    0.735489
0.13                                    0.7497294
0.14                                    0.7392751
0.15                                    0.7170572
0.16                                    0.6918653
0.17                                    0.6933806
0.18                                    0.6978793
0.19                                    0.6631873
0.2                                     0.6600648
0.21                                    0.6496658
0.22                                    0.6398551
0.23                                    0.6527374
0.24                                    0.6370027
0.25                                    0.6173092
0.26                                    0.6051828
0.27                                    0.6003287
0.28                                    0.5804439
0.29                                    0.5878571
0.3                                     0.5842692
0.31                                    0.5452545
0.32                                    0.5712537
0.33                                    0.5584177
0.34                                    0.5921422
0.35                                    0.5589358
0.36                                    0.5438904
0.37                                    0.5640231
0.38                                    0.5446571
0.39                                    0.5494672
0.4                                     0.5590103
0.41                                    0.5340922
0.42                                    0.5371327
0.43                                    0.5154801
0.44                                    0.5248466
0.45                                    0.5270871
0.46                                    0.4985866
0.47                                    0.5053375
0.48                                    0.460088
0.49                                    0.485723
0.5                                     0.4848339
0.51                                    0.4696201
0.52                                    0.4448924
0.53                                    0.4216389
0.54                                    0.4437599
0.55                                    0.4332785
0.56                                    0.4189923
0.57                                    0.4384897
0.58                                    0.4183862
0.59                                    0.4358744
0.6                                     0.4332986
0.61                                    0.4362085
0.62                                    0.4241011
0.63                                    0.3951817
0.64                                    0.4041013
0.65                                    0.4156717
0.66                                    0.3741471
0.67                                    0.3796293
0.68                                    0.3843673
0.69                                    0.3935452
0.7                                     0.3880738
0.71                                    0.3818356
0.72                                    0.3761522
0.73                                    0.3839858
0.74                                    0.3432605
0.75                                    0.3684145
0.76                                    0.3427481
0.77                                    0.356365
0.78                                    0.3319987
0.79                                    0.3437134
0.8                                     0.3247529
0.81                                    0.3275405
0.82                                    0.3179507
0.83                                    0.3101586
0.84                                    0.2719595
0.85                                    0.2963915
0.86                                    0.2822993
0.87                                    0.2643497
0.88                                    0.254285
0.89                                    0.2275578
0.9                                     0.2131123
0.91                                    0.1930661
0.92                                    0.2111297
0.93                                    0.1923778
0.94                                    0.1725605
0.95                                    0.1349694
0.96                                    0.1199663
0.97                                    0.092462
0.98                                    0.088827
0.99                                    0.080584
1.0                                     0.0227041


# Two-point Correlation Function (1/um)
--------------------------------------------------
lag (px)                                Value
--------------------------------------------------
0.5                                     0.3524553
1.0                                     0.3605386
1.5                                     0.3561893
2.0                                     0.3545681
2.5                                     0.3611206
3.0                                     0.3498437
3.5                                     0.3278215
4.0                                     0.3398208
4.5                                     0.3529877
5.0                                     0.3401059
5.5                                     0.330275
6.0                                     0.3427308
6.5                                     0.3268066
7.0                                     0.3129774
7.5                                     0.3182439
8.0                                     0.3125417
8.5                                     0.3187035
9.0                                     0.3034487
9.5                                     0.2997635
10.0                                    0.2963991
10.5                                    0.3073989
11.0                                    0.3055317
11.5                                    0.2983639
12.0                                    0.3043397
12.5                                    0.3013372
13.0                                    0.2966177
13.5                                    0.28994
14.0                                    0.2722713
14.5                                    0.2784885
15.0                                    0.2857692
15.5                                    0.2831255
16.0                                    0.2751533
16.5                                    0.2710749
17.0                                    0.2736542
17.5                                    0.2657094
18.0                                    0.2691088
18.5                                    0.2566581
19.0                                    0.2441818
19.5                                    0.2685867
20.0                                    0.2703928
20.5                                    0.2583174
21.0                                    0.2585715
21.5                                    0.2696486
22.0                                    0.2419105
22.5                                    0.2698726
23.0                                    0.2617829
23.5                                    0.2564576
24.0                                    0.2499924
24.5                                    0.2432833
25.0                                    0.2376471
25.5                                    0.2341972
26.0                                    0.2685761
26.5                                    0.2503501
27.0                                    0.2545163
27.5                                    0.2481988
28.0                                    0.2480267
28.5                                    0.2407933
29.0                                    0.2405658
29.5                                    0.2488042
30.0                                    0.2382261
30.5                                    0.2499038
31.0                                    0.2300861
31.5                                    0.235403
32.0                                    0.2368294
32.5                                    0.2533658
33.0                                    0.2359345
33.5                                    0.2314577
34.0                                    0.2472732
34.5                                    0.2424421
35.0                                    0.2237353
35.5                                    0.2434191
36.0                                    0.2343428
36.5                                    0.2336037
37.0                                    0.2405473
37.5                                    0.2359505
38.0                                    0.2380346
38.5                                    0.2403784
39.0                                    0.2477504
39.5                                    0.232042
40.0                                    0.2416825
40.5                                    0.2295186
41.0                                    0.2352057
41.5                                    0.2412927
42.0                                    0.243151
42.5                                    0.228023
43.0                                    0.223232
43.5                                    0.244731
44.0                                    0.2341309
44.5                                    0.224709
45.0                                    0.2334202
45.5                                    0.2328046
46.0                                    0.2244437
46.5                                    0.2383201
47.0                                    0.2388131
47.5                                    0.2434994
48.0                                    0.2401121
48.5                                    0.2456011
49.0                                    0.2350388
49.5                                    0.2517499
50.0                                    0.2357605


# Pore Radius Distribution (um)
--------------------------------------------------
Cumulative probability                  Value
--------------------------------------------------
0.01                                    4.6165001
0.02                                    5.8188965
0.03                                    7.1211356
0.04                                    8.356636
0.05                                    8.804559
0.06                                    9.7301173
0.07                                    10.5262276
0.08                                    10.8343146
0.09                                    11.7923274
0.1                                     11.1612307
0.11                                    12.0126886
0.12                                    13.3555329
0.13                                    13.3910552
0.14                                    12.1499622
0.15                                    12.6551328
0.16                                    14.2924497
0.17                                    12.170737
0.18                                    14.4383315
0.19                                    13.1254765
0.2                                     14.4231088
0.21                                    15.2527157
0.22                                    13.8075843
0.23                                    13.8328398
0.24                                    13.1092364
0.25                                    15.7098624
0.26                                    13.4686482
0.27                                    15.6123945
0.28                                    15.0395976
0.29                                    15.1659145
0.3                                     15.0055936
0.31                                    14.719141
0.32                                    14.7387067
0.33                                    15.1207328
0.34                                    15.2414287
0.35                                    15.5105284
0.36                                    15.7784731
0.37                                    15.8831391
0.38                                    15.923775
0.39                                    16.4914922
0.4                                     15.2173319
0.41                                    16.2261704
0.42                                    16.2269796
0.43                                    17.2121855
0.44                                    17.5758981
0.45                                    16.4897252
0.46                                    16.5762209
0.47                                    16.6618744
0.48                                    18.2145672
0.49                                    18.5135746
0.5                                     17.9458235
0.51                                    18.2269027
0.52                                    17.792485
0.53                                    17.7131048
0.54                                    17.9747936
0.55                                    18.0209065
0.56                                    16.6811456
0.57                                    18.178333
0.58                                    17.5116222
0.59                                    17.7854245
0.6                                     18.9891567
0.61                                    19.1199892
0.62                                    18.5620526
0.63                                    18.3859053
0.64                                    19.1085931
0.65                                    19.1325541
0.66                                    18.3341852
0.67                                    19.9397926
0.68                                    19.0549647
0.69                                    19.4478438
0.7                                     19.4304881
0.71                                    18.4304935
0.72                                    19.174546
0.73                                    20.236633
0.74                                    20.6457082
0.75                                    19.9886871
0.76                                    19.6706617
0.77                                    22.1292187
0.78                                    20.695577
0.79                                    20.3136683
0.8                                     21.189379
0.81                                    20.3128372
0.82                                    21.3073236
0.83                                    21.5296462
0.84                                    21.5320975
0.85                                    21.9760087
0.86                                    22.3669116
0.87                                    21.5637318
0.88                                    21.9922487
0.89                                    22.5788215
0.9                                     21.6052705
0.91                                    22.7331251
0.92                                    22.2307233
0.93                                    23.3391049
0.94                                    24.4545561
0.95                                    22.504322
0.96                                    23.4352793
0.97                                    23.3904599
0.98                                    25.8549599
0.99                                    25.2269787
1.0                                     30.9030403


# Throat Radius Distribution (um)
--------------------------------------------------
Cumulative probability                  Value
--------------------------------------------------
0.01                                    3.1707029
0.02                                    4.8370803
0.03                                    5.8763815
0.04                                    6.0921562
0.05                                    6.9034235
0.06                                    6.8696923
0.07                                    7.8837358
0.08                                    8.4329974
0.09                                    7.9060094
0.1                                     7.9611392
0.11                                    7.8396424
0.12                                    8.9063857
0.13                                    8.3647628
0.14                                    8.9408806
0.15                                    9.3890842
0.16                                    8.7629424
0.17                                    9.8621544
0.18                                    10.4032906
0.19                                    10.60851
0.2                                     10.6313231
0.21                                    11.3174216
0.22                                    11.6651878
0.23                                    10.8650786
0.24                                    11.7772012
0.25                                    12.5840984
0.26                                    10.5293873
0.27                                    12.3355671
0.28                                    12.676112
0.29                                    12.1097349
0.3                                     14.0888048
0.31                                    13.0637609
0.32                                    12.8409796
0.33                                    12.8686079
0.34                                    14.3115412
0.35                                    13.3435863
0.36                                    13.725196
0.37                                    14.4087564
0.38                                    14.0656688
0.39                                    14.6251764
0.4                                     13.7559848
0.41                                    13.4299724
0.42                                    13.1980101
0.43                                    14.1135787
0.44                                    15.6265209
0.45                                    14.2301696
0.46                                    13.818663
0.47                                    15.3303699
0.48                                    14.8075143
0.49                                    13.5312232
0.5                                     16.4262174
0.51                                    14.6116576
0.52                                    17.2731199
0.53                                    16.1260298
0.54                                    17.0204399
0.55                                    15.6773573
0.56                                    15.600711
0.57                                    16.5856513
0.58                                    16.2485037
0.59                                    16.912972
0.6                                     18.0430402
0.61                                    15.4778684
0.62                                    16.7486846
0.63                                    15.9852088
0.64                                    17.1687105
0.65                                    16.3498059
0.66                                    18.1300084
0.67                                    18.0637233
0.68                                    17.3710062
0.69                                    18.0376345
0.7                                     16.9416981
0.71                                    18.700626
0.72                                    16.4509828
0.73                                    17.885246
0.74                                    17.7742386
0.75                                    18.8680243
0.76                                    16.98558
0.77                                    17.6872516
0.78                                    20.1623237
0.79                                    18.7092361
0.8                                     17.9747598
0.81                                    18.4734021
0.82                                    18.6073443
0.83                                    19.5478
0.84                                    19.002369
0.85                                    20.8864642
0.86                                    19.9085038
0.87                                    19.8326053
0.88                                    20.1201415
0.89                                    20.1130942
0.9                                     20.4205536
0.91                                    22.4632124
0.92                                    21.0331064
0.93                                    20.8881974
0.94                                    20.6978999
0.95                                    23.1634952
0.96                                    21.7835228
0.97                                    23.8960436
0.98                                    22.1771249
0.99                                    24.1518102
1.0                                     29.93188


# Throat Lenght Distribution (um)
--------------------------------------------------
Cumulative probability                  Value
--------------------------------------------------
0.01                                    18.4146879
0.02                                    21.8866061
0.03                                    21.5020166
0.04                                    29.2967303
0.05                                    26.630178
0.06                                    25.5652708
0.07                                    26.8287095
0.08                                    28.9279227
0.09                                    28.9816491
0.1                                     30.3210595
0.11                                    33.769987
0.12                                    30.4926151
0.13                                    33.9999913
0.14                                    31.8437869
0.15                                    33.0651322
0.16                                    35.700922
0.17                                    36.614635
0.18                                    36.7674936
0.19                                    38.2482726
0.2                                     37.7611265
0.21                                    37.9946358
0.22                                    33.9969977
0.23                                    35.2646681
0.24                                    35.8907665
0.25                                    34.8762692
0.26                                    37.1926176
0.27                                    39.6065269
0.28                                    33.7521597
0.29                                    37.7712544
0.3                                     37.0478538
0.31                                    36.7071568
0.32                                    37.6867985
0.33                                    35.6030919
0.34                                    39.0740868
0.35                                    36.0324766
0.36                                    39.0776891
0.37                                    39.4108255
0.38                                    37.8183538
0.39                                    41.5518359
0.4                                     42.553514
0.41                                    43.6273297
0.42                                    41.2896447
0.43                                    39.7957069
0.44                                    39.2998656
0.45                                    37.6461006
0.46                                    44.3309257
0.47                                    40.0797854
0.48                                    41.1818648
0.49                                    39.8393944
0.5                                     43.770756
0.51                                    41.8533381
0.52                                    42.293803
0.53                                    41.5055771
0.54                                    42.6182565
0.55                                    44.8246098
0.56                                    43.5723135
0.57                                    44.5235755
0.58                                    44.0689167
0.59                                    43.4264856
0.6                                     44.2692804
0.61                                    42.7388308
0.62                                    45.0033058
0.63                                    44.7591758
0.64                                    43.9048453
0.65                                    43.4946233
0.66                                    45.7519847
0.67                                    41.8012203
0.68                                    43.6682471
0.69                                    43.6428776
0.7                                     45.334906
0.71                                    44.7517228
0.72                                    43.5327997
0.73                                    44.7344316
0.74                                    48.7904129
0.75                                    46.8876403
0.76                                    47.5824003
0.77                                    47.987136
0.78                                    49.9441339
0.79                                    45.6904885
0.8                                     47.6562894
0.81                                    50.1998492
0.82                                    49.60147
0.83                                    46.7999465
0.84                                    49.8851096
0.85                                    48.9018614
0.86                                    45.2405582
0.87                                    49.2435895
0.88                                    50.8939551
0.89                                    52.4352489
0.9                                     49.2309855
0.91                                    51.3847738
0.92                                    50.8089443
0.93                                    52.0195075
0.94                                    55.3019952
0.95                                    52.3558611
0.96                                    55.8733984
0.97                                    56.9785709
0.98                                    59.4535334
0.99                                    57.4273501
1.0                                     66.8075835


# Pore Inscribed Radius Distribution (um)
--------------------------------------------------
Cumulative probability                  Value
--------------------------------------------------
0.01                                    4.765861
0.02                                    5.7402425
0.03                                    7.883007
0.04                                    7.263205
0.05                                    11.1703252
0.06                                    10.2205449
0.07                                    8.9684541
0.08                                    9.8902032
0.09                                    11.4984284
0.1                                     11.3298763
0.11                                    11.2635878
0.12                                    13.2824545
0.13                                    11.6501888
0.14                                    11.6816818
0.15                                    12.142523
0.16                                    14.3336715
0.17                                    12.2825876
0.18                                    13.5670839
0.19                                    13.6128296
0.2                                     13.4950138
0.21                                    12.4603077
0.22                                    14.9449214
0.23                                    12.7527816
0.24                                    14.3929886
0.25                                    13.6491017
0.26                                    13.3588971
0.27                                    13.6069265
0.28                                    14.1883432
0.29                                    12.9986829
0.3                                     15.812897
0.31                                    14.0840731
0.32                                    14.798102
0.33                                    15.3360817
0.34                                    13.5886222
0.35                                    14.8249382
0.36                                    15.4649282
0.37                                    17.5041228
0.38                                    16.1148822
0.39                                    13.9204277
0.4                                     15.8608119
0.41                                    16.9851468
0.42                                    15.7046567
0.43                                    15.4937932
0.44                                    15.8726883
0.45                                    15.3791275
0.46                                    15.3057691
0.47                                    16.226699
0.48                                    17.4676666
0.49                                    15.5861646
0.5                                     17.4162746
0.51                                    16.3032032
0.52                                    16.0460718
0.53                                    17.7456524
0.54                                    16.855975
0.55                                    16.5470047
0.56                                    15.9404406
0.57                                    15.7888959
0.58                                    17.7871471
0.59                                    17.8485837
0.6                                     15.7912277
0.61                                    17.2768271
0.62                                    18.1139158
0.63                                    18.247003
0.64                                    17.6621733
0.65                                    17.1701413
0.66                                    16.9930906
0.67                                    16.3521402
0.68                                    17.9554442
0.69                                    18.8916925
0.7                                     18.0528233
0.71                                    17.1186551
0.72                                    17.5374426
0.73                                    18.0150471
0.74                                    18.3948086
0.75                                    19.4212883
0.76                                    18.2609989
0.77                                    18.1490126
0.78                                    19.4991674
0.79                                    17.5381325
0.8                                     20.3624879
0.81                                    17.8941189
0.82                                    18.6525769
0.83                                    19.2051158
0.84                                    17.7688112
0.85                                    19.4558185
0.86                                    19.5995323
0.87                                    19.0882724
0.88                                    19.2766911
0.89                                    20.7796557
0.9                                     20.481408
0.91                                    20.1616364
0.92                                    21.3133006
0.93                                    19.9240445
0.94                                    20.1357949
0.95                                    22.1368042
0.96                                    22.3497683
0.97                                    21.7990613
0.98                                    21.8537781
0.99                                    22.7519336
1.0                                     24.2541364


# Throat Inscribed Radius Distribution (um)
--------------------------------------------------
Cumulative probability                  Value
--------------------------------------------------
0.01                                    2.0484877
0.02                                    2.4987544
0.03                                    2.910657
0.04                                    3.921583
0.05                                    4.4062911
0.06                                    5.2252308
0.07                                    5.5167763
0.08                                    5.5030417
0.09                                    6.1814325
0.1                                     7.2510208
0.11                                    6.574962
0.12                                    6.4576889
0.13                                    6.8863258
0.14                                    7.8627952
0.15                                    9.2869234
0.16                                    8.0216118
0.17                                    8.4766098
0.18                                    8.5246057
0.19                                    9.2978679
0.2                                     7.9418711
0.21                                    9.0254936
0.22                                    8.5532598
0.23                                    8.571837
0.24                                    9.4898215
0.25                                    9.1064178
0.26                                    10.0107663
0.27                                    8.990803
0.28                                    9.4118336
0.29                                    9.3772331
0.3                                     10.689189
0.31                                    11.0135792
0.32                                    10.3547206
0.33                                    9.7111268
0.34                                    11.0441603
0.35                                    11.1983102
0.36                                    10.146661
0.37                                    10.724043
0.38                                    10.7200148
0.39                                    11.5071747
0.4                                     10.9159194
0.41                                    11.6169421
0.42                                    11.6444764
0.43                                    12.0723542
0.44                                    11.3000904
0.45                                    11.922955
0.46                                    11.2807832
0.47                                    11.0668375
0.48                                    11.9048272
0.49                                    11.4943554
0.5                                     12.3643827
0.51                                    12.5051745
0.52                                    12.2912281
0.53                                    11.8643488
0.54                                    12.0742731
0.55                                    12.8118178
0.56                                    13.1513426
0.57                                    11.6648803
0.58                                    13.9837532
0.59                                    13.0204549
0.6                                     12.3456225
0.61                                    13.6197814
0.62                                    13.0384966
0.63                                    14.6047871
0.64                                    13.7574241
0.65                                    12.5187997
0.66                                    14.1857262
0.67                                    13.6779531
0.68                                    12.0741795
0.69                                    13.1144037
0.7                                     13.2935469
0.71                                    14.1318368
0.72                                    13.3422294
0.73                                    13.8887687
0.74                                    13.8988802
0.75                                    14.6234754
0.76                                    13.8604433
0.77                                    14.3213775
0.78                                    14.1308757
0.79                                    13.268578
0.8                                     13.7171464
0.81                                    14.7388727
0.82                                    14.78635
0.83                                    15.2145003
0.84                                    14.9039366
0.85                                    14.5201241
0.86                                    16.069784
0.87                                    15.0991451
0.88                                    14.9689012
0.89                                    15.653799
0.9                                     15.2319361
0.91                                    15.6079497
0.92                                    16.3287181
0.93                                    17.1011798
0.94                                    16.114378
0.95                                    16.9093766
0.96                                    16.7909428
0.97                                    17.5128256
0.98                                    16.6693573
0.99                                    18.0239375
1.0                                     21.3315324


# Throat Average Distance (um)
--------------------------------------------------
Cumulative probability                  Value
--------------------------------------------------
0.01                                    1.8828431
0.02                                    1.8226212
0.03                                    2.1144245
0.04                                    2.3354159
0.05                                    2.6350808
0.06                                    2.7930036
0.07                                    3.0908791
0.08                                    3.3332864
0.09                                    4.0467251
0.1                                     3.5865574
0.11                                    4.233485
0.12                                    4.0304297
0.13                                    4.153149
0.14                                    3.8678101
0.15                                    4.4566065
0.16                                    4.838504
0.17                                    3.9848681
0.18                                    4.5839597
0.19                                    4.9257633
0.2                                     4.5054708
0.21                                    5.1281414
0.22                                    5.0278976
0.23                                    4.9964089
0.24                                    4.9858485
0.25                                    4.9198221
0.26                                    5.3214631
0.27                                    5.2511938
0.28                                    5.3314264
0.29                                    5.6691897
0.3                                     6.5817734
0.31                                    6.6952688
0.32                                    5.7393847
0.33                                    5.8058232
0.34                                    5.984404
0.35                                    6.3568576
0.36                                    6.4043993
0.37                                    6.5149315
0.38                                    6.1400498
0.39                                    6.0408385
0.4                                     6.6852695
0.41                                    6.9118159
0.42                                    5.964109
0.43                                    6.9542973
0.44                                    6.6234574
0.45                                    6.4607404
0.46                                    6.5301484
0.47                                    7.2713752
0.48                                    6.8174524
0.49                                    6.2749766
0.5                                     6.5552917
0.51                                    7.4909197
0.52                                    6.9255408
0.53                                    6.6912815
0.54                                    7.0518985
0.55                                    7.2642788
0.56                                    7.18668
0.57                                    7.082389
0.58                                    7.2850854
0.59                                    7.0883984
0.6                                     6.8331227
0.61                                    7.4127227
0.62                                    7.0495124
0.63                                    7.6352393
0.64                                    7.90152
0.65                                    7.6689192
0.66                                    8.3083178
0.67                                    8.2466898
0.68                                    8.018135
0.69                                    8.3004853
0.7                                     7.6736431
0.71                                    8.6993644
0.72                                    7.9570815
0.73                                    7.8000774
0.74                                    9.0018261
0.75                                    9.1501184
0.76                                    7.9100104
0.77                                    8.0821402
0.78                                    8.2184101
0.79                                    9.2035624
0.8                                     8.3000026
0.81                                    8.3326783
0.82                                    8.4822596
0.83                                    8.2458461
0.84                                    8.407645
0.85                                    8.7356524
0.86                                    8.9519959
0.87                                    8.8457879
0.88                                    8.9018882
0.89                                    8.8782984
0.9                                     10.4028746
0.91                                    9.5877923
0.92                                    9.8584937
0.93                                    9.6363838
0.94                                    9.2637963
0.95                                    10.2093827
0.96                                    10.120486
0.97                                    10.2070154
0.98                                    12.1852306
0.99                                    12.1837469
1.0                                     15.2925908


# Throat Permeability Distribution (um2)
--------------------------------------------------
Cumulative probability                  Value
--------------------------------------------------
0.01                                    39.0163798
0.02                                    43.9559576
0.03                                    35.6026218
0.04                                    41.931523
0.05                                    33.3115822
0.06                                    48.0763285
0.07                                    44.6513893
0.08                                    39.8631316
0.09                                    40.7574762
0.1                                     47.4138878
0.11                                    40.1683374
0.12                                    45.6384921
0.13                                    44.8202047
0.14                                    51.4554079
0.15                                    41.5426827
0.16                                    44.730822
0.17                                    39.8235278
0.18                                    52.4593019
0.19                                    50.3688469
0.2                                     45.1761441
0.21                                    46.4111157
0.22                                    50.6078106
0.23                                    53.4511499
0.24                                    60.6457898
0.25                                    42.3858499
0.26                                    47.989762
0.27                                    54.5250539
0.28                                    51.245214
0.29                                    44.6643901
0.3                                     50.1436172
0.31                                    44.2942282
0.32                                    50.6635401
0.33                                    68.2422355
0.34                                    62.9066129
0.35                                    50.8966205
0.36                                    53.7914265
0.37                                    56.9387628
0.38                                    55.2287541
0.39                                    56.7830929
0.4                                     60.8563951
0.41                                    56.3201663
0.42                                    65.4258656
0.43                                    65.6481216
0.44                                    56.2244857
0.45                                    63.43981
0.46                                    64.4581098
0.47                                    68.0804253
0.48                                    62.212673
0.49                                    67.7583479
0.5                                     79.4520915
0.51                                    58.0897141
0.52                                    76.0861224
0.53                                    83.6121499
0.54                                    70.6783713
0.55                                    90.5745613
0.56                                    73.3589134
0.57                                    69.2209154
0.58                                    87.1972116
0.59                                    69.2141385
0.6                                     83.4839413
0.61                                    72.5883248
0.62                                    87.1661818
0.63                                    93.41258
0.64                                    86.2666066
0.65                                    84.7287472
0.66                                    94.2329218
0.67                                    98.954873
0.68                                    77.3514905
0.69                                    78.5346611
0.7                                     91.5493834
0.71                                    94.3647566
0.72                                    102.4772128
0.73                                    88.2251817
0.74                                    99.7448086
0.75                                    117.3030639
0.76                                    111.1635854
0.77                                    111.5348243
0.78                                    100.3612962
0.79                                    112.9559715
0.8                                     108.2636677
0.81                                    105.8451623
0.82                                    126.5600802
0.83                                    103.4642706
0.84                                    128.9673787
0.85                                    148.8887089
0.86                                    151.2536484
0.87                                    137.3789259
0.88                                    144.6626752
0.89                                    144.5861873
0.9                                     138.7704579
0.91                                    148.4409306
0.92                                    165.2873778
0.93                                    156.9568064
0.94                                    146.3963452
0.95                                    182.0544308
0.96                                    196.3886723
0.97                                    181.7278398
0.98                                    237.130297
0.99                                    248.7013423
1.0                                     416.912792


# Coordination Number Distribution
--------------------------------------------------
Cumulative probability                  Value
--------------------------------------------------
0.01                                    2.9173491
0.02                                    3.8735129
0.03                                    4.8189733
0.04                                    5.7885948
0.05                                    5.350615
0.06                                    6.5470527
0.07                                    6.5747756
0.08                                    7.6016955
0.09                                    7.36776
0.1                                     8.2798357
0.11                                    8.8514529
0.12                                    10.2763661
0.13                                    8.1623071
0.14                                    7.7848521
0.15                                    9.5975849
0.16                                    10.0444962
0.17                                    9.38887
0.18                                    9.3543661
0.19                                    10.6618899
0.2                                     8.6104011
0.21                                    8.4604624
0.22                                    9.9964079
0.23                                    10.9997965
0.24                                    10.4881596
0.25                                    11.5074438
0.26                                    10.3849962
0.27                                    11.5508468
0.28                                    10.1072118
0.29                                    11.4739456
0.3                                     11.3310205
0.31                                    12.3541744
0.32                                    12.3257874
0.33                                    11.6325683
0.34                                    11.4136414
0.35                                    12.8913489
0.36                                    11.9881985
0.37                                    11.2659362
0.38                                    11.5684298
0.39                                    13.2398432
0.4                                     13.6051776
0.41                                    11.6885519
0.42                                    12.4426189
0.43                                    11.2043466
0.44                                    12.4050774
0.45                                    13.3759538
0.46                                    13.1540356
0.47                                    13.4571597
0.48                                    12.7033078
0.49                                    12.5265753
0.5                                     12.4219713
0.51                                    13.0769694
0.52                                    13.8795102
0.53                                    13.1972125
0.54                                    14.1094171
0.55                                    14.5468422
0.56                                    15.0334937
0.57                                    15.1825564
0.58                                    13.5638654
0.59                                    15.165726
0.6                                     14.6935246
0.61                                    14.6533084
0.62                                    16.198445
0.63                                    16.3051274
0.64                                    15.0607347
0.65                                    13.8461097
0.66                                    15.6705398
0.67                                    15.8718079
0.68                                    15.8949836
0.69                                    14.7027866
0.7                                     16.5434678
0.71                                    15.3274609
0.72                                    17.347222
0.73                                    16.6374133
0.74                                    17.8810729
0.75                                    16.222845
0.76                                    17.2762128
0.77                                    15.9463325
0.78                                    18.0245747
0.79                                    17.3402718
0.8                                     17.1336713
0.81                                    16.2026471
0.82                                    18.8963945
0.83                                    16.1605613
0.84                                    17.4539924
0.85                                    16.31333
0.86                                    19.0234325
0.87                                    20.3651187
0.88                                    17.9722397
0.89                                    19.5845048
0.9                                     18.6928377
0.91                                    17.4182165
0.92                                    20.5352101
0.93                                    22.2121709
0.94                                    21.3869517
0.95                                    20.3579999
0.96                                    22.2178258
0.97                                    21.1411626
0.98                                    24.1207224
0.99                                    25.3940838
1.0                                     29.2130024


# Pore Sphericity Distribution (ratio)
--------------------------------------------------
Cumulative probability                  Value
--------------------------------------------------
0.01                                    0.6041
0.02                                    0.628821
0.03                                    0.6276316
0.04                                    0.6555052
0.05                                    0.6751408
0.06                                    0.6713635
0.07                                    0.6764921
0.08                                    0.6850806
0.09                                    0.7008286
0.1                                     0.7007436
0.11                                    0.7073208
0.12                                    0.7056508
0.13                                    0.6944702
0.14                                    0.7257944
0.15                                    0.713997
0.16                                    0.7180958
0.17                                    0.7153129
0.18                                    0.7203898
0.19                                    0.7181979
0.2                                     0.7202744
0.21                                    0.7331878
0.22                                    0.7280899
0.23                                    0.7315526
0.24                                    0.7361414
0.25                                    0.7561286
0.26                                    0.7491576
0.27                                    0.7403805
0.28                                    0.7503885
0.29                                    0.7595903
0.3                                     0.7586877
0.31                                    0.770901
0.32                                    0.7536141
0.33                                    0.765681
0.34                                    0.7468889
0.35                                    0.7673609
0.36                                    0.7595493
0.37                                    0.7609678
0.38                                    0.7673472
0.39                                    0.7687057
0.4                                     0.7687588
0.41                                    0.7774651
0.42                                    0.7686845
0.43                                    0.781379
0.44                                    0.7925978
0.45                                    0.7662149
0.46                                    0.7893635
0.47                                    0.797636
0.48                                    0.77985
0.49                                    0.7722917
0.5                                     0.7817378
0.51                                    0.7858269
0.52                                    0.7917722
0.53                                    0.7807033
0.54                                    0.7796584
0.55                                    0.7847863
0.56                                    0.7964153
0.57                                    0.7749617
0.58                                    0.7918965
0.59                                    0.8029039
0.6                                     0.7908903
0.61                                    0.805518
0.62                                    0.8026972
0.63                                    0.7825288
0.64                                    0.79588
0.65                                    0.8125899
0.66                                    0.8030793
0.67                                    0.8081077
0.68                                    0.8020775
0.69                                    0.8183205
0.7                                     0.8207628
0.71                                    0.807669
0.72                                    0.82753
0.73                                    0.8082318
0.74                                    0.8118546
0.75                                    0.8153503
0.76                                    0.8217307
0.77                                    0.8275543
0.78                                    0.8300849
0.79                                    0.8262016
0.8                                     0.8229676
0.81                                    0.8260869
0.82                                    0.8467909
0.83                                    0.8416065
0.84                                    0.8276876
0.85                                    0.8556213
0.86                                    0.8537413
0.87                                    0.8378336
0.88                                    0.8459267
0.89                                    0.8631655
0.9                                     0.8609808
0.91                                    0.8647209
0.92                                    0.8796601
0.93                                    0.867039
0.94                                    0.8902723
0.95                                    0.8848638
0.96                                    0.9111737
0.97                                    0.9173193
0.98                                    0.9153785
0.99                                    0.9344217
1.0                                     0.9622163


# Grain Sphericity Distribution (ratio)
--------------------------------------------------
Cumulative probability                  Value
--------------------------------------------------
0.01                                    0.5499488
0.02                                    0.5662867
0.03                                    0.5788976
0.04                                    0.6033474
0.05                                    0.59671
0.06                                    0.615047
0.07                                    0.6253404
0.08                                    0.6148745
0.09                                    0.628773
0.1                                     0.6292002
0.11                                    0.6268153
0.12                                    0.6390803
0.13                                    0.6612981
0.14                                    0.6437868
0.15                                    0.6463817
0.16                                    0.655427
0.17                                    0.648497
0.18                                    0.6498213
0.19                                    0.6457908
0.2                                     0.6682357
0.21                                    0.6616465
0.22                                    0.675748
0.23                                    0.687237
0.24                                    0.6878016
0.25                                    0.6797262
0.26                                    0.6794041
0.27                                    0.6919783
0.28                                    0.697516
0.29                                    0.6802796
0.3                                     0.6940562
0.31                                    0.6825534
0.32                                    0.7002956
0.33                                    0.6891955
0.34                                    0.6948048
0.35                                    0.6983949
0.36                                    0.7064851
0.37                                    0.6928681
0.38                                    0.7080059
0.39                                    0.7302531
0.4                                     0.7099308
0.41                                    0.712794
0.42                                    0.7094455
0.43                                    0.6990645
0.44                                    0.7274194
0.45                                    0.7043957
0.46                                    0.7192782
0.47                                    0.7182082
0.48                                    0.7193759
0.49                                    0.7168584
0.5                                     0.7074149
0.51                                    0.7244169
0.52                                    0.7295087
0.53                                    0.7346857
0.54                                    0.7310487
0.55                                    0.7385631
0.56                                    0.7403901
0.57                                    0.7199397
0.58                                    0.7368974
0.59                                    0.7337009
0.6                                     0.7407903
0.61                                    0.7389205
0.62                                    0.7237689
0.63                                    0.7339992
0.64                                    0.7390133
0.65                                    0.7594194
0.66                                    0.7371306
0.67                                    0.7362576
0.68                                    0.7466052
0.69                                    0.7519055
0.7                                     0.7597782
0.71                                    0.7453159
0.72                                    0.772321
0.73                                    0.7583942
0.74                                    0.7645177
0.75                                    0.7567505
0.76                                    0.7694036
0.77                                    0.7577957
0.78                                    0.7714492
0.79                                    0.7805781
0.8                                     0.7594314
0.81                                    0.7678095
0.82                                    0.7776756
0.83                                    0.7738655
0.84                                    0.7888245
0.85                                    0.773025
0.86                                    0.7866415
0.87                                    0.7991568
0.88                                    0.7832004
0.89                                    0.7948465
0.9                                     0.8108709
0.91                                    0.7876932
0.92                                    0.8101861
0.93                                    0.8120836
0.94                                    0.820711
0.95                                    0.8370907
0.96                                    0.8126992
0.97                                    0.8465811
0.98                                    0.8626862
0.99                                    0.8907268
1.0                                     0.9563147


# Grain Radius Distribution (um)
--------------------------------------------------
Cumulative probability                  Value
--------------------------------------------------
0.01                                    6.0769158
0.02                                    6.421953
0.03                                    8.3509643
0.04                                    9.8507871
0.05                                    9.0238624
0.06                                    10.2178391
0.07                                    10.6979143
0.08                                    10.8564756
0.09                                    11.6327528
0.1                                     13.1134997
0.11                                    12.5685683
0.12                                    12.9190207
0.13                                    12.1302605
0.14                                    14.2416072
0.15                                    14.409679
0.16                                    13.1748002
0.17                                    13.3777065
0.18                                    15.3392945
0.19                                    14.1874062
0.2                                     14.5927589
0.21                                    13.5785479
0.22                                    17.0549205
0.23                                    15.7672747
0.24                                    16.1192514
0.25                                    15.6610659
0.26                                    16.290815
0.27                                    18.090807
0.28                                    17.7129783
0.29                                    16.9522145
0.3                                     16.5577996
0.31                                    19.254928
0.32                                    17.3674956
0.33                                    16.2049441
0.34                                    22.2380095
0.35                                    18.1898235
0.36                                    18.8836069
0.37                                    18.3130614
0.38                                    19.2230018
0.39                                    19.3897921
0.4                                     18.7553894
0.41                                    20.7072539
0.42                                    19.0871552
0.43                                    21.1154186
0.44                                    18.2428089
0.45                                    19.2397002
0.46                                    20.7098975
0.47                                    21.0010693
0.48                                    21.2116939
0.49                                    19.0706862
0.5                                     21.4232132
0.51                                    21.4410955
0.52                                    22.1735176
0.53                                    21.6977012
0.54                                    22.0267222
0.55                                    21.6157761
0.56                                    21.0316701
0.57                                    21.802925
0.58                                    23.1230218
0.59                                    22.715725
0.6                                     22.5196007
0.61                                    23.4618627
0.62                                    22.5573229
0.63                                    22.1114202
0.64                                    24.5733913
0.65                                    22.5820569
0.66                                    22.9864442
0.67                                    24.1391807
0.68                                    24.4770135
0.69                                    24.5566905
0.7                                     23.705058
0.71                                    23.0254528
0.72                                    23.8523733
0.73                                    26.2618179
0.74                                    25.7207114
0.75                                    23.6011571
0.76                                    25.9416405
0.77                                    26.3628824
0.78                                    26.4617037
0.79                                    25.2478291
0.8                                     26.0921363
0.81                                    26.5373068
0.82                                    27.9248246
0.83                                    26.2976313
0.84                                    28.0963028
0.85                                    27.3461204
0.86                                    28.482449
0.87                                    29.6917468
0.88                                    28.9494169
0.89                                    29.2299951
0.9                                     31.1226743
0.91                                    29.2588104
0.92                                    31.0018675
0.93                                    30.9425211
0.94                                    31.5439528
0.95                                    30.7461698
0.96                                    33.7775037
0.97                                    32.5458176
0.98                                    35.1435462
0.99                                    34.7080248
1.0                                     41.8773883
