DeePore output results including 15 single-value
paramters, 4 functions and 11 distributions
__________________________________________________
        ### Single-value parameters ###
__________________________________________________

Properties                              Value
--------------------------------------------------
Absolute Permeability (um2)             0.072834
Formation Factor (ratio)                11.1696823
Cementation Factor (ratio)              2.1161811
pore density (1/um3)                    0.0013971
Tortuosity (ratio)                      1.3855452
Average Coordination Number             3.4879195
Average Throat Radius (um)              2.2335984
Average Pore Radius (um)                3.1383046
Average Throat Length (um)              8.780492
Pore to Throat Aspect ratio             6.6940898
Specific Surface (1/um)                 0.0002197
Pore Sphericity (ratio)                 4.7478334
Grain Sphericity (ratio)                0.7850377
Average Grain Radius (um)               4.1268413
Relative Young Module (ratio)           0.1563996

__________________________________________________
       ### Functions and distributions ###
__________________________________________________


# Leveret J Function (ratio)
--------------------------------------------------
Wetting-sat (Sw)                        Value
--------------------------------------------------
0.01                                    2.1658924
0.02                                    1.9947683
0.03                                    1.7823831
0.04                                    1.799735
0.05                                    1.761622
0.06                                    1.6245195
0.07                                    1.7585645
0.08                                    1.5960536
0.09                                    1.6348119
0.1                                     1.6647582
0.11                                    1.5335527
0.12                                    1.6988435
0.13                                    1.7804167
0.14                                    1.5885979
0.15                                    1.6121671
0.16                                    1.6433887
0.17                                    1.5970742
0.18                                    1.5434728
0.19                                    1.776031
0.2                                     1.4259009
0.21                                    1.4125823
0.22                                    1.4619201
0.23                                    1.5821077
0.24                                    1.4417653
0.25                                    1.6792969
0.26                                    1.5929989
0.27                                    1.4659996
0.28                                    1.739861
0.29                                    1.4955707
0.3                                     1.6727545
0.31                                    1.4573714
0.32                                    1.5292
0.33                                    1.4404997
0.34                                    1.5483501
0.35                                    1.5649289
0.36                                    1.5626026
0.37                                    1.5976819
0.38                                    1.4653225
0.39                                    1.4083435
0.4                                     1.5776922
0.41                                    1.4533442
0.42                                    1.3990488
0.43                                    1.4407015
0.44                                    1.3937083
0.45                                    1.6546678
0.46                                    1.463166
0.47                                    1.4340688
0.48                                    1.5956397
0.49                                    1.476081
0.5                                     1.4420492
0.51                                    1.383549
0.52                                    1.3134261
0.53                                    1.3465287
0.54                                    1.4596781
0.55                                    1.4266958
0.56                                    1.4086606
0.57                                    1.5611832
0.58                                    1.3573305
0.59                                    1.5350377
0.6                                     1.4099683
0.61                                    1.3440015
0.62                                    1.5007181
0.63                                    1.4684197
0.64                                    1.3030394
0.65                                    1.408945
0.66                                    1.4174533
0.67                                    1.3060323
0.68                                    1.2807199
0.69                                    1.2978395
0.7                                     1.3714439
0.71                                    1.3318055
0.72                                    1.4657097
0.73                                    1.4068795
0.74                                    1.496675
0.75                                    1.3275158
0.76                                    1.3976381
0.77                                    1.4397761
0.78                                    1.2763272
0.79                                    1.4601278
0.8                                     1.4417426
0.81                                    1.3804348
0.82                                    1.2469291
0.83                                    1.4249224
0.84                                    1.3030264
0.85                                    1.4455213
0.86                                    1.3813496
0.87                                    1.3231374
0.88                                    1.4349568
0.89                                    1.3042526
0.9                                     1.2461076
0.91                                    1.204152
0.92                                    1.2373101
0.93                                    1.214715
0.94                                    1.1114683
0.95                                    1.3868798
0.96                                    1.1788548
0.97                                    1.2074851
0.98                                    1.1912357
0.99                                    1.0080101
1.0                                     0.8330991


# Wetting Relative Permeability (fraction)
--------------------------------------------------
Wetting-sat (Sw)                        Value
--------------------------------------------------
0.01                                    0.0245303
0.02                                    0.0240861
0.03                                    0.0233709
0.04                                    0.0220481
0.05                                    0.0221874
0.06                                    0.023421
0.07                                    0.022324
0.08                                    0.0227424
0.09                                    0.0247403
0.1                                     0.0213042
0.11                                    0.0226323
0.12                                    0.0293079
0.13                                    0.0229263
0.14                                    0.0239973
0.15                                    0.0211665
0.16                                    0.0234951
0.17                                    0.025697
0.18                                    0.0268346
0.19                                    0.0261789
0.2                                     0.0256728
0.21                                    0.0243258
0.22                                    0.0305048
0.23                                    0.0319792
0.24                                    0.0346108
0.25                                    0.0370978
0.26                                    0.033469
0.27                                    0.0466019
0.28                                    0.0488907
0.29                                    0.0579244
0.3                                     0.0604223
0.31                                    0.0703359
0.32                                    0.0650095
0.33                                    0.0663081
0.34                                    0.0722523
0.35                                    0.0727411
0.36                                    0.079746
0.37                                    0.0907537
0.38                                    0.1045525
0.39                                    0.0909559
0.4                                     0.0988483
0.41                                    0.1034605
0.42                                    0.1067338
0.43                                    0.1171253
0.44                                    0.1073789
0.45                                    0.1284395
0.46                                    0.1472047
0.47                                    0.1418821
0.48                                    0.1421374
0.49                                    0.1590656
0.5                                     0.14746
0.51                                    0.1634553
0.52                                    0.1881596
0.53                                    0.1710865
0.54                                    0.1718029
0.55                                    0.1890426
0.56                                    0.1950279
0.57                                    0.1898079
0.58                                    0.214745
0.59                                    0.219024
0.6                                     0.2204385
0.61                                    0.2253903
0.62                                    0.2229728
0.63                                    0.2039374
0.64                                    0.2701042
0.65                                    0.2550987
0.66                                    0.2460804
0.67                                    0.2571608
0.68                                    0.2663791
0.69                                    0.2899243
0.7                                     0.2619243
0.71                                    0.28719
0.72                                    0.2763733
0.73                                    0.3039654
0.74                                    0.316394
0.75                                    0.3517487
0.76                                    0.3544054
0.77                                    0.3478547
0.78                                    0.3666016
0.79                                    0.371888
0.8                                     0.3800607
0.81                                    0.3707815
0.82                                    0.3798448
0.83                                    0.4510114
0.84                                    0.4222623
0.85                                    0.435442
0.86                                    0.4435585
0.87                                    0.4652384
0.88                                    0.4700123
0.89                                    0.4786667
0.9                                     0.5008603
0.91                                    0.5131513
0.92                                    0.5428531
0.93                                    0.5509064
0.94                                    0.5492697
0.95                                    0.5668759
0.96                                    0.5886946
0.97                                    0.6396522
0.98                                    0.6488218
0.99                                    0.6876146
1.0                                     0.977905


# Non-Wetting Relative Permeability (fraction)
--------------------------------------------------
Wetting-sat (Sw)                        Value
--------------------------------------------------
0.01                                    0.9748368
0.02                                    0.939418
0.03                                    0.9111896
0.04                                    0.8855049
0.05                                    0.8416612
0.06                                    0.8388124
0.07                                    0.8079956
0.08                                    0.7927826
0.09                                    0.8031714
0.1                                     0.7999377
0.11                                    0.7570701
0.12                                    0.7511396
0.13                                    0.7216363
0.14                                    0.7479836
0.15                                    0.7253712
0.16                                    0.7136291
0.17                                    0.7086204
0.18                                    0.6791534
0.19                                    0.6905771
0.2                                     0.6861062
0.21                                    0.654911
0.22                                    0.6339427
0.23                                    0.6326798
0.24                                    0.6398751
0.25                                    0.6385804
0.26                                    0.6026533
0.27                                    0.6289241
0.28                                    0.6060342
0.29                                    0.5959584
0.3                                     0.5823846
0.31                                    0.6006538
0.32                                    0.5567853
0.33                                    0.5893096
0.34                                    0.6131276
0.35                                    0.5872808
0.36                                    0.5648541
0.37                                    0.5383866
0.38                                    0.5553129
0.39                                    0.5430868
0.4                                     0.5717281
0.41                                    0.5263883
0.42                                    0.5154835
0.43                                    0.533795
0.44                                    0.5057783
0.45                                    0.5367346
0.46                                    0.4886401
0.47                                    0.5150288
0.48                                    0.4898213
0.49                                    0.4975959
0.5                                     0.5021565
0.51                                    0.4905184
0.52                                    0.499291
0.53                                    0.5010623
0.54                                    0.4760422
0.55                                    0.4591918
0.56                                    0.4407298
0.57                                    0.4548893
0.58                                    0.4334575
0.59                                    0.4574666
0.6                                     0.4240497
0.61                                    0.4277183
0.62                                    0.4139693
0.63                                    0.417754
0.64                                    0.3948701
0.65                                    0.432018
0.66                                    0.3929659
0.67                                    0.3790271
0.68                                    0.4127779
0.69                                    0.3984663
0.7                                     0.3808509
0.71                                    0.3675255
0.72                                    0.3751009
0.73                                    0.3649776
0.74                                    0.3600865
0.75                                    0.3470007
0.76                                    0.3487809
0.77                                    0.3502908
0.78                                    0.3500422
0.79                                    0.3114133
0.8                                     0.3137227
0.81                                    0.3243802
0.82                                    0.2905125
0.83                                    0.2589957
0.84                                    0.2667927
0.85                                    0.2799573
0.86                                    0.2515237
0.87                                    0.2485352
0.88                                    0.2360294
0.89                                    0.2286892
0.9                                     0.2109697
0.91                                    0.1910011
0.92                                    0.1965425
0.93                                    0.1497903
0.94                                    0.1572454
0.95                                    0.1293469
0.96                                    0.1004861
0.97                                    0.0995299
0.98                                    0.0795389
0.99                                    0.0639116
1.0                                     0.0207687


# Two-point Correlation Function (1/um)
--------------------------------------------------
lag (px)                                Value
--------------------------------------------------
0.5                                     0.3326722
1.0                                     0.3365547
1.5                                     0.3100893
2.0                                     0.3239349
2.5                                     0.3371206
3.0                                     0.3191319
3.5                                     0.3010028
4.0                                     0.3129915
4.5                                     0.3213794
5.0                                     0.2962484
5.5                                     0.2967745
6.0                                     0.3276104
6.5                                     0.2969414
7.0                                     0.3101333
7.5                                     0.2950539
8.0                                     0.2862208
8.5                                     0.2991005
9.0                                     0.2826392
9.5                                     0.2797401
10.0                                    0.2657665
10.5                                    0.2655754
11.0                                    0.2856649
11.5                                    0.2681495
12.0                                    0.2634589
12.5                                    0.2634222
13.0                                    0.2610437
13.5                                    0.2831394
14.0                                    0.2647199
14.5                                    0.2545145
15.0                                    0.2683307
15.5                                    0.253503
16.0                                    0.2443707
16.5                                    0.2512612
17.0                                    0.2523376
17.5                                    0.2447416
18.0                                    0.2577453
18.5                                    0.2321203
19.0                                    0.2288372
19.5                                    0.2493341
20.0                                    0.2316456
20.5                                    0.2286422
21.0                                    0.250806
21.5                                    0.2244004
22.0                                    0.2410182
22.5                                    0.2278991
23.0                                    0.2303939
23.5                                    0.2281688
24.0                                    0.2241473
24.5                                    0.2185705
25.0                                    0.2288397
25.5                                    0.2317123
26.0                                    0.2483613
26.5                                    0.2163131
27.0                                    0.2232537
27.5                                    0.224017
28.0                                    0.2247568
28.5                                    0.2329021
29.0                                    0.2127975
29.5                                    0.2276057
30.0                                    0.2193832
30.5                                    0.2280023
31.0                                    0.2079
31.5                                    0.2344712
32.0                                    0.2204161
32.5                                    0.2239495
33.0                                    0.2205524
33.5                                    0.227997
34.0                                    0.2063922
34.5                                    0.2205351
35.0                                    0.2130641
35.5                                    0.2230017
36.0                                    0.2142036
36.5                                    0.2220055
37.0                                    0.219091
37.5                                    0.2270992
38.0                                    0.2287165
38.5                                    0.2211157
39.0                                    0.220774
39.5                                    0.2066087
40.0                                    0.2143877
40.5                                    0.2252989
41.0                                    0.215292
41.5                                    0.2149008
42.0                                    0.205003
42.5                                    0.2132016
43.0                                    0.2077151
43.5                                    0.2116996
44.0                                    0.2131128
44.5                                    0.2106442
45.0                                    0.2153202
45.5                                    0.2376873
46.0                                    0.2158851
46.5                                    0.2132391
47.0                                    0.2271257
47.5                                    0.2282811
48.0                                    0.2164343
48.5                                    0.1942747
49.0                                    0.213296
49.5                                    0.2093552
50.0                                    0.2213128


# Pore Radius Distribution (um)
--------------------------------------------------
Cumulative probability                  Value
--------------------------------------------------
0.01                                    4.9246408
0.02                                    5.9642507
0.03                                    6.7586137
0.04                                    8.3965123
0.05                                    8.8869878
0.06                                    9.2807595
0.07                                    10.5247762
0.08                                    10.4168287
0.09                                    11.0541317
0.1                                     10.8827734
0.11                                    11.0015694
0.12                                    11.6114959
0.13                                    11.4965035
0.14                                    11.6023905
0.15                                    13.571617
0.16                                    12.468261
0.17                                    12.7689638
0.18                                    14.2085659
0.19                                    11.8155922
0.2                                     13.1288132
0.21                                    14.0421919
0.22                                    13.7315957
0.23                                    15.7151596
0.24                                    14.6864893
0.25                                    13.9592209
0.26                                    15.0370683
0.27                                    12.8220197
0.28                                    13.2768783
0.29                                    13.4834737
0.3                                     15.6005607
0.31                                    14.161453
0.32                                    13.6018247
0.33                                    14.7710731
0.34                                    14.1129649
0.35                                    14.2775436
0.36                                    16.5722742
0.37                                    15.9912949
0.38                                    14.6171144
0.39                                    14.8592972
0.4                                     15.6266098
0.41                                    16.4143486
0.42                                    16.9567938
0.43                                    13.9408965
0.44                                    17.4513664
0.45                                    16.0043726
0.46                                    16.881775
0.47                                    15.3106862
0.48                                    17.4609314
0.49                                    15.6205383
0.5                                     16.4851804
0.51                                    17.2996371
0.52                                    16.812479
0.53                                    17.459291
0.54                                    17.9762871
0.55                                    16.4030534
0.56                                    17.5922996
0.57                                    18.3433006
0.58                                    17.5629295
0.59                                    16.9372675
0.6                                     18.4172405
0.61                                    17.8308824
0.62                                    17.1057544
0.63                                    20.0817148
0.64                                    19.5934686
0.65                                    19.4228461
0.66                                    18.3648397
0.67                                    16.0662706
0.68                                    18.5117342
0.69                                    18.262636
0.7                                     18.0023509
0.71                                    20.2260644
0.72                                    19.1018097
0.73                                    18.3322219
0.74                                    20.2187104
0.75                                    19.1393081
0.76                                    19.4266313
0.77                                    20.8755627
0.78                                    17.6130002
0.79                                    20.0586051
0.8                                     21.425582
0.81                                    17.9789806
0.82                                    22.5647502
0.83                                    19.906973
0.84                                    21.2748545
0.85                                    21.7115199
0.86                                    22.2667483
0.87                                    20.6962192
0.88                                    21.0679316
0.89                                    21.9379543
0.9                                     21.2340369
0.91                                    22.9658291
0.92                                    21.6166978
0.93                                    22.062308
0.94                                    23.3837536
0.95                                    23.0024468
0.96                                    22.9279418
0.97                                    23.5562257
0.98                                    24.8555561
0.99                                    26.0232743
1.0                                     29.3736884


# Throat Radius Distribution (um)
--------------------------------------------------
Cumulative probability                  Value
--------------------------------------------------
0.01                                    3.0648946
0.02                                    4.8556436
0.03                                    5.7512759
0.04                                    5.8087431
0.05                                    6.1574615
0.06                                    5.9234323
0.07                                    7.9619675
0.08                                    6.9042476
0.09                                    7.2535406
0.1                                     8.033707
0.11                                    7.4781469
0.12                                    7.5132389
0.13                                    8.6935932
0.14                                    9.4383624
0.15                                    9.3940285
0.16                                    9.2528968
0.17                                    9.5825498
0.18                                    10.9627337
0.19                                    9.7953311
0.2                                     10.9935927
0.21                                    9.98345
0.22                                    11.3286729
0.23                                    10.9477595
0.24                                    10.1616316
0.25                                    11.1978041
0.26                                    11.0171939
0.27                                    10.6918918
0.28                                    11.3146954
0.29                                    13.9158249
0.3                                     13.1932128
0.31                                    12.679615
0.32                                    12.9390025
0.33                                    13.891869
0.34                                    12.2110203
0.35                                    13.2119548
0.36                                    14.453518
0.37                                    14.4627112
0.38                                    13.049367
0.39                                    13.3903133
0.4                                     14.4213488
0.41                                    14.3117892
0.42                                    15.5966783
0.43                                    13.5902776
0.44                                    15.0882045
0.45                                    13.92556
0.46                                    13.8178525
0.47                                    14.9361276
0.48                                    14.8063126
0.49                                    13.9667587
0.5                                     14.6306963
0.51                                    13.3706672
0.52                                    14.435578
0.53                                    15.1860224
0.54                                    15.6115458
0.55                                    15.5644744
0.56                                    16.119284
0.57                                    17.3276054
0.58                                    15.9298071
0.59                                    17.0190248
0.6                                     16.3933977
0.61                                    14.6043099
0.62                                    14.8065709
0.63                                    15.8443326
0.64                                    16.2273059
0.65                                    17.3882826
0.66                                    17.1125218
0.67                                    16.3331153
0.68                                    16.8407103
0.69                                    16.9807789
0.7                                     17.9754186
0.71                                    16.3503076
0.72                                    16.8064101
0.73                                    17.3946598
0.74                                    18.0748266
0.75                                    20.0624965
0.76                                    18.1674139
0.77                                    16.4746944
0.78                                    17.8197826
0.79                                    18.5337069
0.8                                     16.9422484
0.81                                    19.8971271
0.82                                    19.1844626
0.83                                    20.2177526
0.84                                    19.1403898
0.85                                    20.2806554
0.86                                    19.8630422
0.87                                    20.4878682
0.88                                    19.1691383
0.89                                    21.0155641
0.9                                     19.8718226
0.91                                    19.790451
0.92                                    20.7888213
0.93                                    20.9508045
0.94                                    21.6663161
0.95                                    23.6852389
0.96                                    22.2664927
0.97                                    21.0143999
0.98                                    24.3975684
0.99                                    24.586217
1.0                                     28.4054638


# Throat Lenght Distribution (um)
--------------------------------------------------
Cumulative probability                  Value
--------------------------------------------------
0.01                                    19.1722878
0.02                                    22.98281
0.03                                    24.7670537
0.04                                    26.8251548
0.05                                    24.247466
0.06                                    28.6946349
0.07                                    27.7948695
0.08                                    29.7040373
0.09                                    29.6579772
0.1                                     28.1640187
0.11                                    31.7920459
0.12                                    31.5816288
0.13                                    32.814133
0.14                                    30.7570464
0.15                                    34.3238196
0.16                                    33.8671794
0.17                                    36.3477587
0.18                                    32.4459175
0.19                                    34.4454167
0.2                                     36.948616
0.21                                    33.4993531
0.22                                    31.8680405
0.23                                    35.9384497
0.24                                    36.8238058
0.25                                    39.1622899
0.26                                    36.7156533
0.27                                    37.437232
0.28                                    34.0249695
0.29                                    35.0588097
0.3                                     37.1775417
0.31                                    36.8601603
0.32                                    38.8721496
0.33                                    37.7537107
0.34                                    35.5739235
0.35                                    39.091643
0.36                                    37.5819129
0.37                                    37.5073076
0.38                                    35.5609634
0.39                                    39.5292757
0.4                                     38.6572233
0.41                                    37.1191881
0.42                                    38.5238587
0.43                                    39.3288415
0.44                                    40.7733488
0.45                                    39.5577713
0.46                                    40.7145895
0.47                                    38.2154956
0.48                                    40.8617258
0.49                                    38.2822214
0.5                                     42.0852367
0.51                                    43.9765978
0.52                                    40.4036551
0.53                                    44.826088
0.54                                    40.5989632
0.55                                    39.9907956
0.56                                    40.0521883
0.57                                    40.8181501
0.58                                    43.4995838
0.59                                    39.0389704
0.6                                     42.176479
0.61                                    43.1038208
0.62                                    43.2260514
0.63                                    42.0763427
0.64                                    46.2481283
0.65                                    45.5213656
0.66                                    44.1438988
0.67                                    46.5248117
0.68                                    45.3739477
0.69                                    46.8802328
0.7                                     46.6153335
0.71                                    48.0160498
0.72                                    48.5272942
0.73                                    47.8803291
0.74                                    44.8105235
0.75                                    48.9386341
0.76                                    48.2626227
0.77                                    49.8345818
0.78                                    46.9528382
0.79                                    46.9029605
0.8                                     47.5999482
0.81                                    46.6450507
0.82                                    47.5613868
0.83                                    49.0661646
0.84                                    49.7453022
0.85                                    49.220518
0.86                                    51.8892525
0.87                                    53.4815709
0.88                                    51.1725431
0.89                                    48.8154139
0.9                                     54.236142
0.91                                    47.2417074
0.92                                    54.8190022
0.93                                    54.8481438
0.94                                    53.9960574
0.95                                    59.4092662
0.96                                    56.2482099
0.97                                    59.5290083
0.98                                    58.578094
0.99                                    60.2804697
1.0                                     70.8325144


# Pore Inscribed Radius Distribution (um)
--------------------------------------------------
Cumulative probability                  Value
--------------------------------------------------
0.01                                    4.5405059
0.02                                    5.547111
0.03                                    8.164018
0.04                                    6.3236212
0.05                                    8.9003004
0.06                                    10.1508349
0.07                                    9.8474672
0.08                                    10.7916569
0.09                                    10.3382683
0.1                                     11.084064
0.11                                    11.1162718
0.12                                    11.6836858
0.13                                    10.48508
0.14                                    12.4122422
0.15                                    12.1817818
0.16                                    12.8331987
0.17                                    13.0016353
0.18                                    12.9989953
0.19                                    13.0270249
0.2                                     13.2799618
0.21                                    13.1932212
0.22                                    13.6842953
0.23                                    13.8590536
0.24                                    13.3797275
0.25                                    12.5623907
0.26                                    13.9032448
0.27                                    13.8188206
0.28                                    13.9869208
0.29                                    13.8550765
0.3                                     12.993171
0.31                                    14.0119936
0.32                                    13.6003557
0.33                                    13.527647
0.34                                    14.5135591
0.35                                    13.1224566
0.36                                    14.8020867
0.37                                    13.9634008
0.38                                    15.6360946
0.39                                    14.3720187
0.4                                     13.9390607
0.41                                    13.7155032
0.42                                    16.0886811
0.43                                    16.0899497
0.44                                    16.2289983
0.45                                    14.8237663
0.46                                    14.6476769
0.47                                    13.8065658
0.48                                    14.9429971
0.49                                    16.0373781
0.5                                     17.3117682
0.51                                    16.8354801
0.52                                    15.7664476
0.53                                    15.2038325
0.54                                    15.7305325
0.55                                    15.6827716
0.56                                    15.722087
0.57                                    16.0878713
0.58                                    17.5558419
0.59                                    15.9498192
0.6                                     15.4385182
0.61                                    16.480557
0.62                                    16.0434678
0.63                                    16.0344796
0.64                                    16.035738
0.65                                    17.9467692
0.66                                    15.5520625
0.67                                    17.2982876
0.68                                    16.117416
0.69                                    15.8142923
0.7                                     16.7928144
0.71                                    16.863282
0.72                                    16.1218793
0.73                                    16.2071954
0.74                                    17.5974427
0.75                                    18.637338
0.76                                    18.1108084
0.77                                    15.3037789
0.78                                    17.6878248
0.79                                    17.436403
0.8                                     17.4392673
0.81                                    17.7984192
0.82                                    18.0922037
0.83                                    18.3581144
0.84                                    19.0317443
0.85                                    18.7386617
0.86                                    18.270232
0.87                                    18.943819
0.88                                    18.0658793
0.89                                    18.8048081
0.9                                     18.6654994
0.91                                    20.0270272
0.92                                    19.6153225
0.93                                    20.5658732
0.94                                    20.1374282
0.95                                    20.8298648
0.96                                    20.9779409
0.97                                    20.849721
0.98                                    20.9638765
0.99                                    21.7769469
1.0                                     24.986758


# Throat Inscribed Radius Distribution (um)
--------------------------------------------------
Cumulative probability                  Value
--------------------------------------------------
0.01                                    2.0691105
0.02                                    2.5185508
0.03                                    2.819783
0.04                                    3.5740661
0.05                                    4.3884748
0.06                                    4.8564784
0.07                                    5.1679192
0.08                                    5.0242525
0.09                                    5.6546254
0.1                                     6.835515
0.11                                    7.1222275
0.12                                    6.3495584
0.13                                    6.0839046
0.14                                    6.2400662
0.15                                    7.781116
0.16                                    7.6760261
0.17                                    7.349696
0.18                                    7.7829637
0.19                                    7.2528923
0.2                                     8.5937781
0.21                                    8.1565149
0.22                                    7.8700362
0.23                                    10.4975356
0.24                                    8.8625472
0.25                                    8.3040155
0.26                                    9.2876588
0.27                                    9.2082936
0.28                                    10.3963628
0.29                                    9.5195859
0.3                                     10.2889521
0.31                                    9.7155183
0.32                                    10.4462341
0.33                                    10.1817007
0.34                                    10.1083923
0.35                                    9.5152717
0.36                                    9.802277
0.37                                    9.7034737
0.38                                    10.6377343
0.39                                    10.5171953
0.4                                     10.9621381
0.41                                    10.9192528
0.42                                    10.0033119
0.43                                    10.425532
0.44                                    10.839586
0.45                                    11.2740364
0.46                                    11.1051368
0.47                                    10.9598342
0.48                                    11.6930322
0.49                                    11.6069716
0.5                                     11.6049728
0.51                                    11.7702583
0.52                                    11.8701338
0.53                                    12.3476213
0.54                                    11.3594429
0.55                                    12.3850733
0.56                                    11.7737571
0.57                                    11.7474773
0.58                                    12.223797
0.59                                    11.6871177
0.6                                     13.4664964
0.61                                    12.1795785
0.62                                    13.8777896
0.63                                    13.0884195
0.64                                    12.9634544
0.65                                    12.0347978
0.66                                    12.5477405
0.67                                    12.5129489
0.68                                    13.4068741
0.69                                    11.5534909
0.7                                     12.4002873
0.71                                    13.4294721
0.72                                    14.6104169
0.73                                    12.2079411
0.74                                    13.6644744
0.75                                    14.6591143
0.76                                    12.8446193
0.77                                    13.6733115
0.78                                    12.9280826
0.79                                    13.457182
0.8                                     12.9026325
0.81                                    14.1753721
0.82                                    14.181189
0.83                                    13.9162577
0.84                                    14.7203375
0.85                                    14.6491181
0.86                                    15.4501044
0.87                                    13.3591189
0.88                                    15.0687632
0.89                                    15.3274981
0.9                                     14.5833184
0.91                                    13.6243417
0.92                                    14.9557803
0.93                                    14.9563199
0.94                                    16.3344456
0.95                                    17.0808444
0.96                                    16.6370369
0.97                                    16.5020499
0.98                                    16.1463147
0.99                                    17.7942804
1.0                                     22.9801095


# Throat Average Distance (um)
--------------------------------------------------
Cumulative probability                  Value
--------------------------------------------------
0.01                                    2.0126309
0.02                                    1.8584138
0.03                                    2.0050299
0.04                                    2.3388041
0.05                                    2.7127113
0.06                                    3.0260997
0.07                                    3.0438839
0.08                                    3.9390856
0.09                                    3.4896199
0.1                                     3.9428741
0.11                                    4.168985
0.12                                    3.9231168
0.13                                    3.6695195
0.14                                    4.0898542
0.15                                    3.9618609
0.16                                    4.1117903
0.17                                    3.6011823
0.18                                    3.948412
0.19                                    4.8507226
0.2                                     4.0171013
0.21                                    4.0901533
0.22                                    4.7609201
0.23                                    5.4644503
0.24                                    4.3928741
0.25                                    4.6327235
0.26                                    4.3310465
0.27                                    4.7697804
0.28                                    5.1923798
0.29                                    4.9045973
0.3                                     6.1719894
0.31                                    6.5169377
0.32                                    5.3537238
0.33                                    5.790027
0.34                                    5.21337
0.35                                    5.5666642
0.36                                    6.010861
0.37                                    5.1293602
0.38                                    6.09043
0.39                                    6.0123815
0.4                                     6.986227
0.41                                    6.6237538
0.42                                    4.9877651
0.43                                    6.0160362
0.44                                    6.0901855
0.45                                    5.4934446
0.46                                    5.9678419
0.47                                    6.529491
0.48                                    6.7380094
0.49                                    6.7532778
0.5                                     6.401306
0.51                                    6.9493803
0.52                                    6.547455
0.53                                    6.5332549
0.54                                    6.2754105
0.55                                    6.7742512
0.56                                    7.1821417
0.57                                    6.8221118
0.58                                    7.1829083
0.59                                    6.7811598
0.6                                     7.020154
0.61                                    6.526671
0.62                                    7.5525146
0.63                                    7.0832815
0.64                                    6.8622318
0.65                                    7.6795355
0.66                                    7.9929849
0.67                                    7.1293289
0.68                                    7.10695
0.69                                    8.0807294
0.7                                     7.7268956
0.71                                    7.7894102
0.72                                    7.1066677
0.73                                    7.9566613
0.74                                    8.1984461
0.75                                    7.5028822
0.76                                    8.3954705
0.77                                    7.6511593
0.78                                    7.9038873
0.79                                    7.9130298
0.8                                     8.2229892
0.81                                    9.4168918
0.82                                    7.9377408
0.83                                    7.5819915
0.84                                    8.8563008
0.85                                    8.2972267
0.86                                    8.2202878
0.87                                    8.7123768
0.88                                    8.923242
0.89                                    8.7827386
0.9                                     8.6028326
0.91                                    9.2529041
0.92                                    9.1583874
0.93                                    9.4243591
0.94                                    9.7362325
0.95                                    9.3745562
0.96                                    10.3332682
0.97                                    10.7130507
0.98                                    11.5409764
0.99                                    11.6143182
1.0                                     14.2649508


# Throat Permeability Distribution (um2)
--------------------------------------------------
Cumulative probability                  Value
--------------------------------------------------
0.01                                    46.7300682
0.02                                    47.4976637
0.03                                    33.6361189
0.04                                    41.3994351
0.05                                    43.5252695
0.06                                    39.0678915
0.07                                    39.6788142
0.08                                    43.4363691
0.09                                    48.9735632
0.1                                     40.1145882
0.11                                    42.2574067
0.12                                    49.9904839
0.13                                    36.4816026
0.14                                    54.8934702
0.15                                    37.8560315
0.16                                    54.4377383
0.17                                    54.3571933
0.18                                    44.8104669
0.19                                    47.2172606
0.2                                     48.4622369
0.21                                    45.7436983
0.22                                    49.3042564
0.23                                    57.0300905
0.24                                    53.5097664
0.25                                    46.3751447
0.26                                    48.5898153
0.27                                    59.0475296
0.28                                    51.5663365
0.29                                    37.5269393
0.3                                     70.2474581
0.31                                    54.7124801
0.32                                    54.831732
0.33                                    56.8688589
0.34                                    52.0683945
0.35                                    67.3079206
0.36                                    50.276992
0.37                                    60.3839267
0.38                                    55.0447614
0.39                                    54.4252197
0.4                                     57.0348999
0.41                                    61.7088404
0.42                                    66.1148161
0.43                                    60.0610264
0.44                                    66.7566175
0.45                                    59.0832145
0.46                                    67.2724929
0.47                                    69.3919394
0.48                                    62.2093231
0.49                                    81.1136587
0.5                                     65.1441476
0.51                                    69.9824252
0.52                                    64.746444
0.53                                    67.9968711
0.54                                    76.9617918
0.55                                    80.8020361
0.56                                    76.0414616
0.57                                    62.4302996
0.58                                    86.5933905
0.59                                    80.6597593
0.6                                     92.0474549
0.61                                    73.6297973
0.62                                    82.7275881
0.63                                    80.4347386
0.64                                    93.3495045
0.65                                    84.9360477
0.66                                    78.8089721
0.67                                    83.6485228
0.68                                    89.7326157
0.69                                    82.1976509
0.7                                     84.5804586
0.71                                    79.0236024
0.72                                    116.9864775
0.73                                    107.6360117
0.74                                    111.2388516
0.75                                    112.391301
0.76                                    106.1603148
0.77                                    109.4816231
0.78                                    93.5978459
0.79                                    108.7646455
0.8                                     94.5175653
0.81                                    102.6847576
0.82                                    113.554861
0.83                                    124.4191391
0.84                                    133.9170254
0.85                                    113.6917239
0.86                                    136.5818469
0.87                                    144.1923672
0.88                                    132.7684338
0.89                                    134.4447122
0.9                                     129.6499187
0.91                                    126.072039
0.92                                    155.7897358
0.93                                    155.214482
0.94                                    154.7538829
0.95                                    185.5597448
0.96                                    157.7644816
0.97                                    188.3561825
0.98                                    209.6875109
0.99                                    222.6046172
1.0                                     395.314759


# Coordination Number Distribution
--------------------------------------------------
Cumulative probability                  Value
--------------------------------------------------
0.01                                    2.8305759
0.02                                    3.6087768
0.03                                    4.4755224
0.04                                    5.373115
0.05                                    5.9816396
0.06                                    5.4744779
0.07                                    5.7626344
0.08                                    7.0979215
0.09                                    7.2483093
0.1                                     8.5870403
0.11                                    7.6117297
0.12                                    7.9200981
0.13                                    8.2260803
0.14                                    9.0915914
0.15                                    8.9784665
0.16                                    9.7068431
0.17                                    10.0379468
0.18                                    9.3103595
0.19                                    8.208686
0.2                                     9.0794421
0.21                                    9.2421057
0.22                                    12.7526198
0.23                                    11.4456086
0.24                                    10.7167762
0.25                                    11.8963889
0.26                                    11.4768781
0.27                                    10.384494
0.28                                    12.0815427
0.29                                    10.2158474
0.3                                     12.5156002
0.31                                    12.7447728
0.32                                    11.4388075
0.33                                    11.2471019
0.34                                    10.756588
0.35                                    13.3412031
0.36                                    12.5443429
0.37                                    12.4669346
0.38                                    13.5720081
0.39                                    13.3986199
0.4                                     13.1247162
0.41                                    11.9048603
0.42                                    12.9853762
0.43                                    12.611161
0.44                                    12.6341314
0.45                                    12.4290253
0.46                                    11.9777525
0.47                                    14.5473554
0.48                                    13.9447069
0.49                                    13.8721935
0.5                                     13.4093127
0.51                                    14.4028528
0.52                                    13.308879
0.53                                    13.6080454
0.54                                    13.8848304
0.55                                    12.6793855
0.56                                    14.0948619
0.57                                    14.0488392
0.58                                    15.8317481
0.59                                    12.8923704
0.6                                     16.8305497
0.61                                    15.7603674
0.62                                    14.8043823
0.63                                    15.3250343
0.64                                    16.9588133
0.65                                    14.2396431
0.66                                    15.4026686
0.67                                    15.6680606
0.68                                    16.4246605
0.69                                    15.1172485
0.7                                     16.6279986
0.71                                    17.0799422
0.72                                    15.7806998
0.73                                    17.2938777
0.74                                    15.7391859
0.75                                    16.5413344
0.76                                    17.0529639
0.77                                    17.5855196
0.78                                    17.3088227
0.79                                    16.5145822
0.8                                     18.2210151
0.81                                    17.8359972
0.82                                    16.5976051
0.83                                    18.7394469
0.84                                    17.2386615
0.85                                    17.7645994
0.86                                    18.4269961
0.87                                    17.8807369
0.88                                    18.1853578
0.89                                    20.4624023
0.9                                     19.6896562
0.91                                    18.0083809
0.92                                    20.2758702
0.93                                    19.3601294
0.94                                    20.4687024
0.95                                    20.4024304
0.96                                    20.5704985
0.97                                    21.7920198
0.98                                    21.5793563
0.99                                    24.2100771
1.0                                     31.4832618


# Pore Sphericity Distribution (ratio)
--------------------------------------------------
Cumulative probability                  Value
--------------------------------------------------
0.01                                    0.5855058
0.02                                    0.6053999
0.03                                    0.6271079
0.04                                    0.6316685
0.05                                    0.6493383
0.06                                    0.6548501
0.07                                    0.6699354
0.08                                    0.6700964
0.09                                    0.7005124
0.1                                     0.6873796
0.11                                    0.6879691
0.12                                    0.6999288
0.13                                    0.6957074
0.14                                    0.6968148
0.15                                    0.6926989
0.16                                    0.7208185
0.17                                    0.7136506
0.18                                    0.708156
0.19                                    0.7100633
0.2                                     0.7113711
0.21                                    0.7130493
0.22                                    0.7345996
0.23                                    0.7433238
0.24                                    0.7418646
0.25                                    0.7457568
0.26                                    0.7360456
0.27                                    0.7389506
0.28                                    0.7378387
0.29                                    0.7374609
0.3                                     0.7516641
0.31                                    0.7573371
0.32                                    0.7665742
0.33                                    0.7459152
0.34                                    0.7516059
0.35                                    0.7472543
0.36                                    0.7513588
0.37                                    0.754135
0.38                                    0.7685045
0.39                                    0.7588067
0.4                                     0.7676304
0.41                                    0.7621997
0.42                                    0.7706759
0.43                                    0.7758893
0.44                                    0.7651942
0.45                                    0.7652338
0.46                                    0.7682901
0.47                                    0.7857528
0.48                                    0.7767708
0.49                                    0.7728655
0.5                                     0.7866167
0.51                                    0.7630249
0.52                                    0.7776574
0.53                                    0.7682081
0.54                                    0.7681347
0.55                                    0.7747076
0.56                                    0.779959
0.57                                    0.7829857
0.58                                    0.7746133
0.59                                    0.7717318
0.6                                     0.7724807
0.61                                    0.7802673
0.62                                    0.8006661
0.63                                    0.7973452
0.64                                    0.7957103
0.65                                    0.7835247
0.66                                    0.8052137
0.67                                    0.8051854
0.68                                    0.8119253
0.69                                    0.7993082
0.7                                     0.8082092
0.71                                    0.8003811
0.72                                    0.8163986
0.73                                    0.7991511
0.74                                    0.8243471
0.75                                    0.8094454
0.76                                    0.8164826
0.77                                    0.8215228
0.78                                    0.8062022
0.79                                    0.8221294
0.8                                     0.8289537
0.81                                    0.8327003
0.82                                    0.8282959
0.83                                    0.8303891
0.84                                    0.8350891
0.85                                    0.8337238
0.86                                    0.8472608
0.87                                    0.8662285
0.88                                    0.8437268
0.89                                    0.8254627
0.9                                     0.8536914
0.91                                    0.8471684
0.92                                    0.8669497
0.93                                    0.8660235
0.94                                    0.867001
0.95                                    0.8752272
0.96                                    0.8751276
0.97                                    0.8959862
0.98                                    0.9084431
0.99                                    0.9271914
1.0                                     0.9626488


# Grain Sphericity Distribution (ratio)
--------------------------------------------------
Cumulative probability                  Value
--------------------------------------------------
0.01                                    0.5495925
0.02                                    0.5605253
0.03                                    0.5789786
0.04                                    0.5886225
0.05                                    0.5910386
0.06                                    0.6131413
0.07                                    0.6240187
0.08                                    0.6164909
0.09                                    0.6231557
0.1                                     0.6431882
0.11                                    0.6147598
0.12                                    0.6343143
0.13                                    0.6564661
0.14                                    0.6398651
0.15                                    0.6531153
0.16                                    0.652537
0.17                                    0.6547525
0.18                                    0.6641161
0.19                                    0.6621978
0.2                                     0.6699228
0.21                                    0.6675015
0.22                                    0.6696382
0.23                                    0.6933775
0.24                                    0.6718775
0.25                                    0.6907719
0.26                                    0.6788718
0.27                                    0.6852541
0.28                                    0.6864792
0.29                                    0.6985412
0.3                                     0.6791124
0.31                                    0.6856574
0.32                                    0.7037563
0.33                                    0.6768307
0.34                                    0.7002948
0.35                                    0.7095236
0.36                                    0.7124069
0.37                                    0.7094708
0.38                                    0.7068692
0.39                                    0.7272683
0.4                                     0.7016516
0.41                                    0.7162078
0.42                                    0.7207014
0.43                                    0.730102
0.44                                    0.7140037
0.45                                    0.7095405
0.46                                    0.7356725
0.47                                    0.7158507
0.48                                    0.7248509
0.49                                    0.7493679
0.5                                     0.7331354
0.51                                    0.7306704
0.52                                    0.7352553
0.53                                    0.7396665
0.54                                    0.7469576
0.55                                    0.7484964
0.56                                    0.7420602
0.57                                    0.7283632
0.58                                    0.7605396
0.59                                    0.7527121
0.6                                     0.7477598
0.61                                    0.7436868
0.62                                    0.7438899
0.63                                    0.7520711
0.64                                    0.7520696
0.65                                    0.7711186
0.66                                    0.767843
0.67                                    0.7547465
0.68                                    0.763919
0.69                                    0.741254
0.7                                     0.7648398
0.71                                    0.7448229
0.72                                    0.7607904
0.73                                    0.7731663
0.74                                    0.7750106
0.75                                    0.7901901
0.76                                    0.7593904
0.77                                    0.7790047
0.78                                    0.778249
0.79                                    0.7742344
0.8                                     0.7713729
0.81                                    0.782073
0.82                                    0.7689263
0.83                                    0.7621314
0.84                                    0.7972802
0.85                                    0.7931829
0.86                                    0.768787
0.87                                    0.8083013
0.88                                    0.7927107
0.89                                    0.81954
0.9                                     0.8036881
0.91                                    0.8131671
0.92                                    0.8187728
0.93                                    0.8177515
0.94                                    0.830538
0.95                                    0.8504659
0.96                                    0.8303356
0.97                                    0.8585115
0.98                                    0.8839794
0.99                                    0.8818409
1.0                                     0.9554991


# Grain Radius Distribution (um)
--------------------------------------------------
Cumulative probability                  Value
--------------------------------------------------
0.01                                    6.6412344
0.02                                    6.7583554
0.03                                    9.5014295
0.04                                    10.2471102
0.05                                    9.4264916
0.06                                    12.1428728
0.07                                    13.4836004
0.08                                    13.4944284
0.09                                    11.435834
0.1                                     13.8907264
0.11                                    14.1716048
0.12                                    14.3197013
0.13                                    14.3611349
0.14                                    13.6994535
0.15                                    15.0405595
0.16                                    15.2033869
0.17                                    14.5717522
0.18                                    16.5448724
0.19                                    15.2957995
0.2                                     13.1639685
0.21                                    16.4118244
0.22                                    16.8274656
0.23                                    16.6686803
0.24                                    16.0048021
0.25                                    15.0549671
0.26                                    16.3906566
0.27                                    18.7470133
0.28                                    16.3735883
0.29                                    17.5924852
0.3                                     16.4066972
0.31                                    18.7092655
0.32                                    17.7013607
0.33                                    18.5491011
0.34                                    19.3172927
0.35                                    17.8223249
0.36                                    20.5323609
0.37                                    20.2229065
0.38                                    19.0147229
0.39                                    19.2320662
0.4                                     18.8616714
0.41                                    20.2639557
0.42                                    18.6466189
0.43                                    20.1405103
0.44                                    20.9110281
0.45                                    20.7758759
0.46                                    21.9642074
0.47                                    20.1020704
0.48                                    19.7251669
0.49                                    23.0905891
0.5                                     19.7847452
0.51                                    19.9073021
0.52                                    20.967338
0.53                                    22.2052986
0.54                                    22.0941335
0.55                                    22.7083143
0.56                                    22.133186
0.57                                    22.5802775
0.58                                    21.8272441
0.59                                    23.3359519
0.6                                     23.1214621
0.61                                    24.5308092
0.62                                    20.5827125
0.63                                    23.1051444
0.64                                    23.7167744
0.65                                    24.189918
0.66                                    23.0493764
0.67                                    22.642741
0.68                                    25.4453422
0.69                                    24.1519615
0.7                                     25.5648333
0.71                                    25.0333172
0.72                                    24.8029369
0.73                                    26.4528651
0.74                                    25.3527649
0.75                                    24.5910344
0.76                                    26.8603694
0.77                                    25.4203007
0.78                                    26.4591041
0.79                                    24.67263
0.8                                     25.0583344
0.81                                    25.6966511
0.82                                    27.2415922
0.83                                    26.2632801
0.84                                    27.4874872
0.85                                    28.22618
0.86                                    27.4693437
0.87                                    29.8057995
0.88                                    26.7794768
0.89                                    29.2400005
0.9                                     28.9021409
0.91                                    27.612712
0.92                                    28.8061999
0.93                                    31.6090648
0.94                                    29.7656779
0.95                                    30.4538141
0.96                                    32.4959761
0.97                                    31.3909038
0.98                                    32.9821445
0.99                                    36.9780408
1.0                                     42.0521836
