DeePore output results including 15 single-value
paramters, 4 functions and 11 distributions
__________________________________________________
        ### Single-value parameters ###
__________________________________________________

Properties                              Value
--------------------------------------------------
Absolute Permeability (um2)             0.6444441
Formation Factor (ratio)                4.0368319
Cementation Factor (ratio)              2.2183455
pore density (1/um3)                    0.0009919
Tortuosity (ratio)                      1.3082288
Average Coordination Number             4.2657591
Average Throat Radius (um)              2.9925084
Average Pore Radius (um)                3.8392442
Average Throat Length (um)              10.6149434
Pore to Throat Aspect ratio             9.6055524
Specific Surface (1/um)                 0.0002808
Pore Sphericity (ratio)                 7.0199925
Grain Sphericity (ratio)                0.7706168
Average Grain Radius (um)               3.3996067
Relative Young Module (ratio)           0.1584924

__________________________________________________
       ### Functions and distributions ###
__________________________________________________


# Leveret J Function (ratio)
--------------------------------------------------
Wetting-sat (Sw)                        Value
--------------------------------------------------
0.01                                    3.4174501
0.02                                    3.2176348
0.03                                    2.5992823
0.04                                    2.6868664
0.05                                    2.5461892
0.06                                    2.4260459
0.07                                    2.1943546
0.08                                    2.654975
0.09                                    2.7276643
0.1                                     2.2528479
0.11                                    2.4674283
0.12                                    2.3602978
0.13                                    2.4458554
0.14                                    2.0711126
0.15                                    2.0341619
0.16                                    2.0869405
0.17                                    2.046644
0.18                                    1.8929201
0.19                                    1.8297666
0.2                                     1.9984673
0.21                                    2.2891967
0.22                                    2.0816627
0.23                                    1.9581864
0.24                                    1.9005402
0.25                                    1.7482049
0.26                                    2.0148872
0.27                                    1.9567915
0.28                                    1.9360081
0.29                                    2.0018463
0.3                                     1.8436332
0.31                                    1.7875118
0.32                                    1.8436096
0.33                                    1.7770434
0.34                                    1.740964
0.35                                    1.7502822
0.36                                    1.4991975
0.37                                    1.6754538
0.38                                    1.7552783
0.39                                    1.7151506
0.4                                     1.565243
0.41                                    1.6716924
0.42                                    1.7931891
0.43                                    1.6679394
0.44                                    1.7629891
0.45                                    1.8099129
0.46                                    1.5979562
0.47                                    1.7128889
0.48                                    1.7363869
0.49                                    1.8480487
0.5                                     1.5877339
0.51                                    1.9542227
0.52                                    1.8163269
0.53                                    1.5129453
0.54                                    1.8277477
0.55                                    1.7241892
0.56                                    1.8337152
0.57                                    1.5127283
0.58                                    1.6300071
0.59                                    1.9048362
0.6                                     1.3184241
0.61                                    1.5729789
0.62                                    1.7442111
0.63                                    1.6207738
0.64                                    1.4173669
0.65                                    1.4992637
0.66                                    1.6551759
0.67                                    1.6608528
0.68                                    1.42184
0.69                                    1.7069841
0.7                                     1.5874239
0.71                                    1.5551875
0.72                                    1.4107644
0.73                                    1.3928945
0.74                                    1.6012966
0.75                                    1.5501691
0.76                                    1.6025499
0.77                                    1.4683515
0.78                                    1.7298785
0.79                                    1.6002389
0.8                                     1.6304031
0.81                                    1.4332674
0.82                                    1.4518441
0.83                                    1.3881197
0.84                                    1.6574331
0.85                                    1.524792
0.86                                    1.5914934
0.87                                    1.4046665
0.88                                    1.1973757
0.89                                    1.4803816
0.9                                     1.6606967
0.91                                    1.3978164
0.92                                    1.591489
0.93                                    1.6221579
0.94                                    1.5921058
0.95                                    1.4221617
0.96                                    1.3117478
0.97                                    1.4426214
0.98                                    1.1975724
0.99                                    1.2550019
1.0                                     0.9242574


# Wetting Relative Permeability (fraction)
--------------------------------------------------
Wetting-sat (Sw)                        Value
--------------------------------------------------
0.01                                    0.013867
0.02                                    0.0153179
0.03                                    0.0233576
0.04                                    0.0205972
0.05                                    0.0241625
0.06                                    0.012915
0.07                                    0.0215617
0.08                                    0.0157583
0.09                                    0.0131348
0.1                                     0.0238804
0.11                                    0.0247847
0.12                                    0.0125738
0.13                                    0.0190703
0.14                                    0.0170459
0.15                                    0.0276115
0.16                                    0.0184334
0.17                                    0.0133764
0.18                                    0.0116583
0.19                                    0.0268576
0.2                                     0.0194672
0.21                                    0.0145105
0.22                                    0.0362876
0.23                                    0.0352435
0.24                                    0.0336261
0.25                                    0.0150382
0.26                                    0.0308458
0.27                                    0.032955
0.28                                    0.0506422
0.29                                    0.045889
0.3                                     0.0548853
0.31                                    0.0315141
0.32                                    0.0647472
0.33                                    0.0475217
0.34                                    0.0694443
0.35                                    0.0655234
0.36                                    0.0606532
0.37                                    0.0871522
0.38                                    0.0512768
0.39                                    0.0729517
0.4                                     0.0901203
0.41                                    0.0676606
0.42                                    0.0806767
0.43                                    0.0883098
0.44                                    0.0785554
0.45                                    0.0885723
0.46                                    0.077365
0.47                                    0.0760351
0.48                                    0.0768378
0.49                                    0.1040314
0.5                                     0.092815
0.51                                    0.1050989
0.52                                    0.11649
0.53                                    0.0914454
0.54                                    0.1196438
0.55                                    0.1026215
0.56                                    0.1059681
0.57                                    0.1384169
0.58                                    0.1386784
0.59                                    0.1222046
0.6                                     0.1306792
0.61                                    0.1478262
0.62                                    0.1438019
0.63                                    0.1424987
0.64                                    0.1363532
0.65                                    0.1209173
0.66                                    0.1289995
0.67                                    0.1787954
0.68                                    0.152319
0.69                                    0.167454
0.7                                     0.1657975
0.71                                    0.1738271
0.72                                    0.150506
0.73                                    0.1990584
0.74                                    0.168529
0.75                                    0.2096664
0.76                                    0.2096094
0.77                                    0.1959379
0.78                                    0.2662181
0.79                                    0.2667153
0.8                                     0.2155777
0.81                                    0.2567711
0.82                                    0.2551979
0.83                                    0.272857
0.84                                    0.3034991
0.85                                    0.2924958
0.86                                    0.3428843
0.87                                    0.2755398
0.88                                    0.3253852
0.89                                    0.3418492
0.9                                     0.34434
0.91                                    0.3905923
0.92                                    0.3878637
0.93                                    0.3615996
0.94                                    0.3769628
0.95                                    0.417859
0.96                                    0.4399593
0.97                                    0.4806182
0.98                                    0.5211551
0.99                                    0.5461217
1.0                                     0.9779616


# Non-Wetting Relative Permeability (fraction)
--------------------------------------------------
Wetting-sat (Sw)                        Value
--------------------------------------------------
0.01                                    0.982277
0.02                                    0.9064891
0.03                                    0.8086424
0.04                                    0.8360347
0.05                                    0.8512427
0.06                                    0.8510038
0.07                                    0.8515881
0.08                                    0.8690282
0.09                                    0.8359596
0.1                                     0.8590269
0.11                                    0.8337371
0.12                                    0.8391451
0.13                                    0.8150222
0.14                                    0.7906446
0.15                                    0.8025892
0.16                                    0.8097252
0.17                                    0.7960892
0.18                                    0.8143137
0.19                                    0.8190935
0.2                                     0.7919922
0.21                                    0.7532569
0.22                                    0.7674305
0.23                                    0.7758922
0.24                                    0.7489717
0.25                                    0.7728791
0.26                                    0.7332218
0.27                                    0.7374604
0.28                                    0.7079569
0.29                                    0.6827387
0.3                                     0.7238661
0.31                                    0.6678043
0.32                                    0.6977539
0.33                                    0.7258914
0.34                                    0.6897858
0.35                                    0.6590599
0.36                                    0.6376036
0.37                                    0.6562957
0.38                                    0.6574367
0.39                                    0.6749427
0.4                                     0.6711655
0.41                                    0.6416955
0.42                                    0.6709293
0.43                                    0.6150985
0.44                                    0.5954605
0.45                                    0.5487133
0.46                                    0.5848175
0.47                                    0.5756496
0.48                                    0.5633609
0.49                                    0.5586482
0.5                                     0.5662658
0.51                                    0.556259
0.52                                    0.5438033
0.53                                    0.5462976
0.54                                    0.5682814
0.55                                    0.5588952
0.56                                    0.4696663
0.57                                    0.5405697
0.58                                    0.5321834
0.59                                    0.4807546
0.6                                     0.4913386
0.61                                    0.5442725
0.62                                    0.5190969
0.63                                    0.4748344
0.64                                    0.4733441
0.65                                    0.4666383
0.66                                    0.4670756
0.67                                    0.4344423
0.68                                    0.4289281
0.69                                    0.4719999
0.7                                     0.460544
0.71                                    0.4406365
0.72                                    0.3949516
0.73                                    0.4396481
0.74                                    0.3698944
0.75                                    0.3762963
0.76                                    0.3582582
0.77                                    0.4026967
0.78                                    0.4091938
0.79                                    0.3636274
0.8                                     0.4561121
0.81                                    0.4028616
0.82                                    0.3870319
0.83                                    0.4072664
0.84                                    0.3769107
0.85                                    0.3944949
0.86                                    0.3653725
0.87                                    0.3749003
0.88                                    0.3042576
0.89                                    0.3662858
0.9                                     0.2976116
0.91                                    0.363203
0.92                                    0.3018655
0.93                                    0.2960014
0.94                                    0.2674118
0.95                                    0.2638166
0.96                                    0.28115
0.97                                    0.2796749
0.98                                    0.1932374
0.99                                    0.100482
1.0                                     0.0126958


# Two-point Correlation Function (1/um)
--------------------------------------------------
lag (px)                                Value
--------------------------------------------------
0.5                                     0.510621
1.0                                     0.5106306
1.5                                     0.5079651
2.0                                     0.5028154
2.5                                     0.4959995
3.0                                     0.5002506
3.5                                     0.4958732
4.0                                     0.4932769
4.5                                     0.4839816
5.0                                     0.4797924
5.5                                     0.4808528
6.0                                     0.4791976
6.5                                     0.4717939
7.0                                     0.4866831
7.5                                     0.4711113
8.0                                     0.4729445
8.5                                     0.4591838
9.0                                     0.4657961
9.5                                     0.4518581
10.0                                    0.4657098
10.5                                    0.4591718
11.0                                    0.462034
11.5                                    0.453824
12.0                                    0.4701054
12.5                                    0.4614505
13.0                                    0.4557029
13.5                                    0.4417467
14.0                                    0.4429049
14.5                                    0.4575685
15.0                                    0.4483686
15.5                                    0.4436534
16.0                                    0.4467452
16.5                                    0.4583221
17.0                                    0.4489213
17.5                                    0.4310935
18.0                                    0.4281366
18.5                                    0.4438364
19.0                                    0.4418088
19.5                                    0.4447939
20.0                                    0.4408834
20.5                                    0.4365622
21.0                                    0.4388583
21.5                                    0.4373402
22.0                                    0.4281382
22.5                                    0.4271959
23.0                                    0.4350253
23.5                                    0.4449437
24.0                                    0.4427734
24.5                                    0.4390379
25.0                                    0.4270322
25.5                                    0.4274036
26.0                                    0.4313418
26.5                                    0.4367559
27.0                                    0.437831
27.5                                    0.4280521
28.0                                    0.4116268
28.5                                    0.4093373
29.0                                    0.4121901
29.5                                    0.4293977
30.0                                    0.4271243
30.5                                    0.4117027
31.0                                    0.4136609
31.5                                    0.4186086
32.0                                    0.4113111
32.5                                    0.428774
33.0                                    0.4108111
33.5                                    0.4174729
34.0                                    0.4066581
34.5                                    0.4096577
35.0                                    0.413563
35.5                                    0.4164222
36.0                                    0.4117569
36.5                                    0.4054841
37.0                                    0.4115796
37.5                                    0.3928561
38.0                                    0.3981521
38.5                                    0.4142929
39.0                                    0.4050122
39.5                                    0.3897438
40.0                                    0.4136452
40.5                                    0.410156
41.0                                    0.3962742
41.5                                    0.4153644
42.0                                    0.4042347
42.5                                    0.3769407
43.0                                    0.4129669
43.5                                    0.3960264
44.0                                    0.3929614
44.5                                    0.3982906
45.0                                    0.3939087
45.5                                    0.4168604
46.0                                    0.4089203
46.5                                    0.4046369
47.0                                    0.4034632
47.5                                    0.3951716
48.0                                    0.3935036
48.5                                    0.4086754
49.0                                    0.3936287
49.5                                    0.3946359
50.0                                    0.4042287


# Pore Radius Distribution (um)
--------------------------------------------------
Cumulative probability                  Value
--------------------------------------------------
0.01                                    6.2297619
0.02                                    5.1014587
0.03                                    8.6605525
0.04                                    6.9827404
0.05                                    10.7280046
0.06                                    10.7123159
0.07                                    13.0081291
0.08                                    11.3302166
0.09                                    9.68101
0.1                                     12.9236132
0.11                                    13.7934414
0.12                                    13.1278288
0.13                                    12.0755204
0.14                                    15.9280942
0.15                                    11.8950329
0.16                                    13.1332956
0.17                                    14.629695
0.18                                    16.6050553
0.19                                    14.3587715
0.2                                     15.4291125
0.21                                    15.0688402
0.22                                    14.464075
0.23                                    14.6530707
0.24                                    13.8392617
0.25                                    13.6887745
0.26                                    14.844858
0.27                                    15.1844738
0.28                                    16.5713329
0.29                                    14.1905809
0.3                                     14.3627237
0.31                                    17.2059929
0.32                                    16.1222971
0.33                                    16.1959545
0.34                                    17.735009
0.35                                    15.9286025
0.36                                    15.6676357
0.37                                    16.9162477
0.38                                    14.6883627
0.39                                    15.4890031
0.4                                     18.6190589
0.41                                    16.6870519
0.42                                    16.5717384
0.43                                    16.2422692
0.44                                    17.281509
0.45                                    18.8472657
0.46                                    17.4594874
0.47                                    17.6017747
0.48                                    18.2936263
0.49                                    17.1128625
0.5                                     17.9328861
0.51                                    17.8165487
0.52                                    19.075135
0.53                                    20.1917733
0.54                                    16.984674
0.55                                    18.077388
0.56                                    20.294865
0.57                                    20.3165197
0.58                                    21.5260389
0.59                                    18.8081692
0.6                                     19.5294533
0.61                                    18.8872962
0.62                                    18.539409
0.63                                    19.5239415
0.64                                    21.5964449
0.65                                    19.9000025
0.66                                    22.0029806
0.67                                    21.3429101
0.68                                    19.1404879
0.69                                    23.3719869
0.7                                     23.5142081
0.71                                    22.9834802
0.72                                    18.6990226
0.73                                    21.6596603
0.74                                    20.7311231
0.75                                    21.6140721
0.76                                    19.9258919
0.77                                    21.7813021
0.78                                    22.3646658
0.79                                    21.7758729
0.8                                     21.7181345
0.81                                    25.0911518
0.82                                    23.8091495
0.83                                    25.139184
0.84                                    24.3267254
0.85                                    22.9294573
0.86                                    24.3608129
0.87                                    28.9901816
0.88                                    24.5565377
0.89                                    24.9384739
0.9                                     25.0232522
0.91                                    26.6117498
0.92                                    27.5982419
0.93                                    24.5803685
0.94                                    24.6530681
0.95                                    27.5846807
0.96                                    29.0641583
0.97                                    28.8702242
0.98                                    34.2069636
0.99                                    33.085329
1.0                                     41.4730292


# Throat Radius Distribution (um)
--------------------------------------------------
Cumulative probability                  Value
--------------------------------------------------
0.01                                    3.7569842
0.02                                    4.399053
0.03                                    4.9508111
0.04                                    5.9591172
0.05                                    5.4192514
0.06                                    6.20399
0.07                                    8.8927667
0.08                                    5.8499764
0.09                                    6.0478729
0.1                                     10.1596624
0.11                                    7.9652431
0.12                                    7.2603356
0.13                                    10.0341657
0.14                                    10.4251969
0.15                                    9.8381947
0.16                                    10.8434886
0.17                                    12.8114047
0.18                                    10.6068609
0.19                                    10.3836201
0.2                                     11.6991333
0.21                                    12.3325162
0.22                                    10.9522097
0.23                                    12.6229957
0.24                                    13.517695
0.25                                    9.151092
0.26                                    12.7932073
0.27                                    11.7575317
0.28                                    12.3308316
0.29                                    13.4114821
0.3                                     14.9108615
0.31                                    11.3401702
0.32                                    14.889717
0.33                                    15.4360474
0.34                                    14.1618358
0.35                                    14.2337802
0.36                                    14.9888349
0.37                                    14.6156229
0.38                                    14.0279572
0.39                                    12.2348423
0.4                                     15.2897187
0.41                                    13.6841461
0.42                                    16.7549288
0.43                                    15.6125462
0.44                                    14.8224127
0.45                                    18.2710203
0.46                                    17.7467534
0.47                                    16.3206681
0.48                                    16.9509877
0.49                                    18.243406
0.5                                     16.8487964
0.51                                    17.9924368
0.52                                    20.0063301
0.53                                    19.0018636
0.54                                    17.3043841
0.55                                    17.0619914
0.56                                    17.6413239
0.57                                    18.7732695
0.58                                    18.3368918
0.59                                    18.2213266
0.6                                     16.169206
0.61                                    18.732332
0.62                                    19.483731
0.63                                    19.6512136
0.64                                    20.2694659
0.65                                    19.8375523
0.66                                    19.9703303
0.67                                    20.4234661
0.68                                    23.4782526
0.69                                    21.2463762
0.7                                     21.8859032
0.71                                    20.6024413
0.72                                    24.547067
0.73                                    22.7650564
0.74                                    22.6368156
0.75                                    21.5453228
0.76                                    20.9669074
0.77                                    26.9225008
0.78                                    23.713411
0.79                                    24.1105638
0.8                                     21.2408452
0.81                                    23.7763531
0.82                                    22.1428509
0.83                                    25.1105831
0.84                                    23.3963868
0.85                                    26.465309
0.86                                    25.7048786
0.87                                    22.7585576
0.88                                    28.3269504
0.89                                    25.0238151
0.9                                     27.4209653
0.91                                    26.6909587
0.92                                    27.4573189
0.93                                    28.2980409
0.94                                    29.483405
0.95                                    28.482564
0.96                                    29.1414301
0.97                                    29.3560233
0.98                                    32.4361256
0.99                                    31.895228
1.0                                     44.1574922


# Throat Lenght Distribution (um)
--------------------------------------------------
Cumulative probability                  Value
--------------------------------------------------
0.01                                    17.2479126
0.02                                    20.9489128
0.03                                    23.6172166
0.04                                    24.5771367
0.05                                    28.3598982
0.06                                    32.4789989
0.07                                    27.4798317
0.08                                    29.9715202
0.09                                    31.132746
0.1                                     29.549218
0.11                                    31.4131559
0.12                                    30.9719747
0.13                                    30.9510957
0.14                                    34.4888826
0.15                                    32.6515357
0.16                                    31.4240209
0.17                                    36.5033729
0.18                                    34.1570982
0.19                                    37.7893944
0.2                                     35.7949426
0.21                                    43.8098971
0.22                                    35.4204127
0.23                                    41.6204457
0.24                                    33.1872262
0.25                                    38.8701621
0.26                                    38.402539
0.27                                    36.638547
0.28                                    40.0557823
0.29                                    36.2911007
0.3                                     39.4919647
0.31                                    43.9829163
0.32                                    42.8340233
0.33                                    42.3463555
0.34                                    40.9179842
0.35                                    41.5821534
0.36                                    43.8955745
0.37                                    44.1649455
0.38                                    37.6188347
0.39                                    38.3125596
0.4                                     47.7294248
0.41                                    43.5912609
0.42                                    45.7839129
0.43                                    42.8946707
0.44                                    39.2220016
0.45                                    40.5747613
0.46                                    43.2006157
0.47                                    45.4279867
0.48                                    46.6724076
0.49                                    42.4747763
0.5                                     46.5633193
0.51                                    43.2214305
0.52                                    47.9884485
0.53                                    48.6335379
0.54                                    49.7900248
0.55                                    48.1282601
0.56                                    49.248405
0.57                                    41.1813224
0.58                                    40.5518969
0.59                                    47.6557221
0.6                                     45.0720564
0.61                                    47.8503718
0.62                                    45.6257502
0.63                                    52.8833656
0.64                                    52.644987
0.65                                    49.214245
0.66                                    53.8838802
0.67                                    53.3296729
0.68                                    56.2430342
0.69                                    50.559295
0.7                                     51.2936267
0.71                                    55.979431
0.72                                    55.0134077
0.73                                    46.8056274
0.74                                    52.995696
0.75                                    55.1755619
0.76                                    60.3021913
0.77                                    51.2232696
0.78                                    60.0178147
0.79                                    57.6581307
0.8                                     52.4268186
0.81                                    51.2016391
0.82                                    57.8758975
0.83                                    58.7353665
0.84                                    58.8765859
0.85                                    58.6570636
0.86                                    64.0166184
0.87                                    60.492924
0.88                                    63.6315465
0.89                                    55.8445053
0.9                                     61.7119216
0.91                                    60.9442994
0.92                                    58.0666964
0.93                                    65.4422859
0.94                                    70.5634207
0.95                                    70.0831108
0.96                                    69.0536493
0.97                                    67.5517657
0.98                                    76.2812371
0.99                                    74.6244494
1.0                                     89.6063263


# Pore Inscribed Radius Distribution (um)
--------------------------------------------------
Cumulative probability                  Value
--------------------------------------------------
0.01                                    6.6132014
0.02                                    9.7198646
0.03                                    12.7339149
0.04                                    17.078744
0.05                                    18.9430452
0.06                                    16.1198882
0.07                                    18.8562978
0.08                                    15.0234125
0.09                                    17.3677434
0.1                                     17.3797037
0.11                                    18.4916793
0.12                                    15.9266656
0.13                                    16.4268383
0.14                                    16.7892328
0.15                                    17.805959
0.16                                    16.6511892
0.17                                    17.120511
0.18                                    15.7009296
0.19                                    17.1642844
0.2                                     17.4800104
0.21                                    17.6380438
0.22                                    17.1736852
0.23                                    16.0094342
0.24                                    19.516875
0.25                                    16.6155428
0.26                                    16.5085677
0.27                                    20.173042
0.28                                    16.4094456
0.29                                    18.2142088
0.3                                     17.5761107
0.31                                    17.9192431
0.32                                    15.459953
0.33                                    18.0957151
0.34                                    17.4020081
0.35                                    19.3617983
0.36                                    18.0558297
0.37                                    17.4172624
0.38                                    20.8636776
0.39                                    19.7458827
0.4                                     18.4801264
0.41                                    18.331321
0.42                                    18.194618
0.43                                    19.4487769
0.44                                    21.0946764
0.45                                    20.0500884
0.46                                    18.6674545
0.47                                    20.9188772
0.48                                    22.1328613
0.49                                    19.9712438
0.5                                     17.8655038
0.51                                    21.3450658
0.52                                    18.9382395
0.53                                    21.1504119
0.54                                    18.8894908
0.55                                    20.1423674
0.56                                    19.2960919
0.57                                    19.4924613
0.58                                    18.8384001
0.59                                    21.8553635
0.6                                     21.3711812
0.61                                    19.6308986
0.62                                    20.8266958
0.63                                    22.4777674
0.64                                    20.5776452
0.65                                    19.6650761
0.66                                    22.7894649
0.67                                    21.4734979
0.68                                    19.7518269
0.69                                    21.2835248
0.7                                     20.7643347
0.71                                    23.7320718
0.72                                    26.6518991
0.73                                    23.2932278
0.74                                    23.5049798
0.75                                    23.7266549
0.76                                    23.1438129
0.77                                    21.6971589
0.78                                    22.6097349
0.79                                    23.0371647
0.8                                     25.8121894
0.81                                    24.3710773
0.82                                    23.4822696
0.83                                    24.781587
0.84                                    23.6038964
0.85                                    21.7472721
0.86                                    26.1225995
0.87                                    24.1560604
0.88                                    27.5126157
0.89                                    23.2143678
0.9                                     27.1552717
0.91                                    26.4847954
0.92                                    26.9418915
0.93                                    26.9807839
0.94                                    26.6001356
0.95                                    29.8857233
0.96                                    27.7126488
0.97                                    30.3536275
0.98                                    27.0988668
0.99                                    34.6969551
1.0                                     37.686127


# Throat Inscribed Radius Distribution (um)
--------------------------------------------------
Cumulative probability                  Value
--------------------------------------------------
0.01                                    1.7343312
0.02                                    2.6172997
0.03                                    3.7801912
0.04                                    5.705972
0.05                                    6.2836048
0.06                                    7.16957
0.07                                    6.7435094
0.08                                    11.8733202
0.09                                    11.5450584
0.1                                     9.8767519
0.11                                    12.4541848
0.12                                    10.648405
0.13                                    11.5343918
0.14                                    11.3844816
0.15                                    11.8049536
0.16                                    12.177377
0.17                                    10.2632159
0.18                                    9.4825501
0.19                                    11.5739152
0.2                                     13.0486623
0.21                                    12.1262314
0.22                                    12.2199104
0.23                                    10.8546555
0.24                                    14.5997076
0.25                                    14.2957389
0.26                                    11.9082311
0.27                                    12.8511859
0.28                                    13.8371527
0.29                                    11.9499498
0.3                                     13.2865371
0.31                                    13.0285085
0.32                                    13.9123061
0.33                                    14.7517428
0.34                                    16.6117075
0.35                                    14.3559902
0.36                                    18.0787093
0.37                                    15.1662963
0.38                                    12.9584983
0.39                                    14.6210028
0.4                                     15.2638375
0.41                                    14.8254443
0.42                                    15.1459622
0.43                                    13.2011801
0.44                                    15.1825758
0.45                                    15.8966434
0.46                                    16.4324978
0.47                                    15.3822239
0.48                                    14.6293357
0.49                                    14.9900988
0.5                                     14.717835
0.51                                    17.4894766
0.52                                    16.4632308
0.53                                    15.885663
0.54                                    17.550525
0.55                                    16.8738218
0.56                                    15.2057756
0.57                                    17.4476725
0.58                                    16.4417132
0.59                                    16.6384495
0.6                                     16.9232363
0.61                                    15.6522699
0.62                                    18.5130466
0.63                                    16.627747
0.64                                    16.3012197
0.65                                    16.3632901
0.66                                    16.8856224
0.67                                    20.0770352
0.68                                    16.5250762
0.69                                    18.2553786
0.7                                     16.6962538
0.71                                    17.6465045
0.72                                    18.8369914
0.73                                    16.72982
0.74                                    17.7244626
0.75                                    18.3481792
0.76                                    17.7999468
0.77                                    18.9836679
0.78                                    18.2754103
0.79                                    17.4797502
0.8                                     18.7078321
0.81                                    18.8402652
0.82                                    17.8549437
0.83                                    19.4957124
0.84                                    16.9563362
0.85                                    19.8143908
0.86                                    20.1429718
0.87                                    20.5244187
0.88                                    21.8829912
0.89                                    20.5320969
0.9                                     22.2795179
0.91                                    22.0938515
0.92                                    22.3037303
0.93                                    23.2040785
0.94                                    20.6351554
0.95                                    23.0968813
0.96                                    23.1623814
0.97                                    27.2090563
0.98                                    21.9751466
0.99                                    26.9820033
1.0                                     33.9390605


# Throat Average Distance (um)
--------------------------------------------------
Cumulative probability                  Value
--------------------------------------------------
0.01                                    1.8693083
0.02                                    1.9744675
0.03                                    2.5098932
0.04                                    3.6315708
0.05                                    2.898063
0.06                                    4.093777
0.07                                    3.758179
0.08                                    4.2272655
0.09                                    5.3834562
0.1                                     4.6118257
0.11                                    5.259536
0.12                                    5.9860283
0.13                                    4.901196
0.14                                    5.9066
0.15                                    6.0849337
0.16                                    5.897522
0.17                                    5.486388
0.18                                    8.9094447
0.19                                    6.6087724
0.2                                     6.3350301
0.21                                    7.6183791
0.22                                    7.7445684
0.23                                    7.4241034
0.24                                    8.9384909
0.25                                    8.0940733
0.26                                    8.8660467
0.27                                    8.0860567
0.28                                    8.6521596
0.29                                    8.8557489
0.3                                     8.8896214
0.31                                    9.7683641
0.32                                    9.2813569
0.33                                    7.9457884
0.34                                    8.4854789
0.35                                    9.126772
0.36                                    10.3256146
0.37                                    9.7172643
0.38                                    8.3759205
0.39                                    10.0498272
0.4                                     11.0562231
0.41                                    9.0363906
0.42                                    8.8512721
0.43                                    8.7414078
0.44                                    8.1687934
0.45                                    10.5113879
0.46                                    10.745453
0.47                                    8.7124849
0.48                                    10.7299979
0.49                                    10.0619487
0.5                                     9.194551
0.51                                    10.5656188
0.52                                    9.2134625
0.53                                    9.6699404
0.54                                    11.1654688
0.55                                    10.1427039
0.56                                    9.1481745
0.57                                    10.0995955
0.58                                    10.6958988
0.59                                    9.4110766
0.6                                     11.6978247
0.61                                    11.3887639
0.62                                    10.1354091
0.63                                    11.5835748
0.64                                    10.9919461
0.65                                    10.5831894
0.66                                    11.3571045
0.67                                    11.5493676
0.68                                    10.7055261
0.69                                    12.6102368
0.7                                     11.0155921
0.71                                    9.7308045
0.72                                    12.6326866
0.73                                    12.7813251
0.74                                    10.9128237
0.75                                    10.1115753
0.76                                    10.5815965
0.77                                    10.6255485
0.78                                    12.5976285
0.79                                    11.347921
0.8                                     11.2968621
0.81                                    10.3290763
0.82                                    11.7112735
0.83                                    12.4219127
0.84                                    11.9564445
0.85                                    12.4295286
0.86                                    11.3528685
0.87                                    12.2819718
0.88                                    11.7838977
0.89                                    13.7836256
0.9                                     12.5767894
0.91                                    13.1841722
0.92                                    13.2824549
0.93                                    13.5383738
0.94                                    12.6956467
0.95                                    14.584173
0.96                                    15.2001486
0.97                                    16.1652041
0.98                                    17.3794452
0.99                                    17.9260747
1.0                                     25.1596871


# Throat Permeability Distribution (um2)
--------------------------------------------------
Cumulative probability                  Value
--------------------------------------------------
0.01                                    15.2961452
0.02                                    25.250506
0.03                                    32.556036
0.04                                    44.064308
0.05                                    30.0349669
0.06                                    52.0014258
0.07                                    30.816322
0.08                                    71.1121263
0.09                                    42.8377657
0.1                                     44.9577942
0.11                                    35.2685595
0.12                                    30.6047394
0.13                                    50.0439213
0.14                                    26.2868395
0.15                                    30.5924907
0.16                                    36.1241457
0.17                                    27.2274057
0.18                                    24.3810412
0.19                                    29.8518389
0.2                                     40.3941972
0.21                                    23.5985448
0.22                                    29.2729073
0.23                                    48.4137472
0.24                                    79.2870922
0.25                                    32.7490367
0.26                                    30.771883
0.27                                    51.1097495
0.28                                    32.9387423
0.29                                    26.3363066
0.3                                     65.8321594
0.31                                    22.1083665
0.32                                    47.4866078
0.33                                    81.7289889
0.34                                    36.1609205
0.35                                    24.3894738
0.36                                    40.3022362
0.37                                    63.1446796
0.38                                    61.1826775
0.39                                    41.1990594
0.4                                     26.4592299
0.41                                    59.993688
0.42                                    73.4397413
0.43                                    45.8962273
0.44                                    39.2168455
0.45                                    68.0881988
0.46                                    60.2067945
0.47                                    64.1247997
0.48                                    84.2436251
0.49                                    107.0670526
0.5                                     38.4357379
0.51                                    77.8847904
0.52                                    50.5028165
0.53                                    39.1480797
0.54                                    75.3453548
0.55                                    102.4924705
0.56                                    82.2160656
0.57                                    64.1954366
0.58                                    124.881217
0.59                                    65.9231334
0.6                                     131.4844581
0.61                                    58.6985439
0.62                                    49.8473455
0.63                                    114.8717182
0.64                                    68.2123052
0.65                                    114.1545092
0.66                                    103.9465057
0.67                                    154.0885744
0.68                                    57.9467944
0.69                                    88.6358155
0.7                                     163.0464418
0.71                                    91.6146128
0.72                                    122.8279387
0.73                                    101.5811097
0.74                                    76.3655386
0.75                                    143.2222517
0.76                                    93.9177178
0.77                                    167.601574
0.78                                    115.191198
0.79                                    110.5908263
0.8                                     101.9656774
0.81                                    240.245623
0.82                                    243.6964258
0.83                                    124.0264378
0.84                                    156.8456366
0.85                                    201.4339932
0.86                                    176.0467486
0.87                                    156.3860534
0.88                                    187.9626839
0.89                                    152.1526256
0.9                                     160.0658441
0.91                                    255.7661084
0.92                                    197.215418
0.93                                    201.2896589
0.94                                    309.3825062
0.95                                    393.9385427
0.96                                    323.730263
0.97                                    334.7788553
0.98                                    471.6289799
0.99                                    563.0170524
1.0                                     1060.0569295


# Coordination Number Distribution
--------------------------------------------------
Cumulative probability                  Value
--------------------------------------------------
0.01                                    1.6268985
0.02                                    5.2592337
0.03                                    8.539811
0.04                                    7.1419384
0.05                                    10.8354137
0.06                                    9.9858513
0.07                                    11.6388574
0.08                                    11.3603166
0.09                                    9.7373239
0.1                                     8.0862062
0.11                                    8.5360671
0.12                                    11.2527727
0.13                                    9.2302533
0.14                                    8.9081758
0.15                                    8.7441394
0.16                                    8.7621336
0.17                                    9.599339
0.18                                    11.7240162
0.19                                    9.7267472
0.2                                     10.8775031
0.21                                    9.5670498
0.22                                    6.9888924
0.23                                    11.3659044
0.24                                    10.5517128
0.25                                    9.1574858
0.26                                    8.0756032
0.27                                    11.7060067
0.28                                    8.5997211
0.29                                    12.2667674
0.3                                     12.8961925
0.31                                    10.2933101
0.32                                    9.9423805
0.33                                    8.8969618
0.34                                    11.1317294
0.35                                    10.4016225
0.36                                    11.473381
0.37                                    11.063412
0.38                                    11.045824
0.39                                    14.4063731
0.4                                     10.6810162
0.41                                    10.5244267
0.42                                    13.7048782
0.43                                    11.2941583
0.44                                    10.9010637
0.45                                    11.2011917
0.46                                    11.3538149
0.47                                    9.4598786
0.48                                    13.2157438
0.49                                    12.7294148
0.5                                     11.9034894
0.51                                    13.4010735
0.52                                    11.9674837
0.53                                    13.7189043
0.54                                    13.2108
0.55                                    13.7984314
0.56                                    13.5922463
0.57                                    14.1469269
0.58                                    12.7345846
0.59                                    13.6671412
0.6                                     13.6643785
0.61                                    14.2752919
0.62                                    15.2946176
0.63                                    17.6922045
0.64                                    13.1510175
0.65                                    15.5934248
0.66                                    14.1221004
0.67                                    17.0837826
0.68                                    13.1977098
0.69                                    12.9293352
0.7                                     13.0725071
0.71                                    16.8334798
0.72                                    14.0408199
0.73                                    14.3483575
0.74                                    17.182381
0.75                                    17.7120261
0.76                                    15.4266336
0.77                                    15.3220553
0.78                                    15.9309171
0.79                                    14.892856
0.8                                     15.9294215
0.81                                    20.6565052
0.82                                    17.166643
0.83                                    18.4238412
0.84                                    14.802013
0.85                                    18.9135047
0.86                                    18.3735113
0.87                                    19.313976
0.88                                    19.9278708
0.89                                    20.5111926
0.9                                     19.1690323
0.91                                    19.5052612
0.92                                    24.1931685
0.93                                    25.6875488
0.94                                    22.603236
0.95                                    21.6209984
0.96                                    23.9707518
0.97                                    26.5473574
0.98                                    26.8055952
0.99                                    28.9805369
1.0                                     41.092737


# Pore Sphericity Distribution (ratio)
--------------------------------------------------
Cumulative probability                  Value
--------------------------------------------------
0.01                                    0.5328395
0.02                                    0.562597
0.03                                    0.5887321
0.04                                    0.6035607
0.05                                    0.5933155
0.06                                    0.6252829
0.07                                    0.6305487
0.08                                    0.6205039
0.09                                    0.6662554
0.1                                     0.6696366
0.11                                    0.6617032
0.12                                    0.6875059
0.13                                    0.6701145
0.14                                    0.7117697
0.15                                    0.7141775
0.16                                    0.6877221
0.17                                    0.7087596
0.18                                    0.7266531
0.19                                    0.7153727
0.2                                     0.728412
0.21                                    0.7186936
0.22                                    0.7331069
0.23                                    0.7580636
0.24                                    0.7474235
0.25                                    0.7309814
0.26                                    0.7285086
0.27                                    0.751368
0.28                                    0.7501477
0.29                                    0.7545503
0.3                                     0.7821724
0.31                                    0.7657664
0.32                                    0.7742991
0.33                                    0.7465188
0.34                                    0.7441899
0.35                                    0.7652619
0.36                                    0.7727384
0.37                                    0.7705789
0.38                                    0.7543014
0.39                                    0.7649005
0.4                                     0.8018698
0.41                                    0.7778573
0.42                                    0.7595487
0.43                                    0.7730826
0.44                                    0.7955466
0.45                                    0.7868958
0.46                                    0.8053451
0.47                                    0.7983008
0.48                                    0.8004497
0.49                                    0.8117104
0.5                                     0.8191625
0.51                                    0.8061412
0.52                                    0.7788895
0.53                                    0.8134477
0.54                                    0.7733637
0.55                                    0.7974971
0.56                                    0.8130198
0.57                                    0.8279048
0.58                                    0.8140194
0.59                                    0.7879894
0.6                                     0.8052035
0.61                                    0.8250212
0.62                                    0.8208496
0.63                                    0.8127296
0.64                                    0.8236393
0.65                                    0.8362132
0.66                                    0.8245211
0.67                                    0.8327145
0.68                                    0.8341868
0.69                                    0.820536
0.7                                     0.8141832
0.71                                    0.8275371
0.72                                    0.8225204
0.73                                    0.8477439
0.74                                    0.845066
0.75                                    0.8180654
0.76                                    0.8335356
0.77                                    0.8318179
0.78                                    0.8233451
0.79                                    0.8453664
0.8                                     0.8536744
0.81                                    0.8568072
0.82                                    0.8853521
0.83                                    0.8541848
0.84                                    0.848892
0.85                                    0.8764747
0.86                                    0.9083692
0.87                                    0.888077
0.88                                    0.8922828
0.89                                    0.891071
0.9                                     0.9055669
0.91                                    0.9138989
0.92                                    0.8912147
0.93                                    0.9269026
0.94                                    0.9191471
0.95                                    0.9247765
0.96                                    0.9467073
0.97                                    0.9567999
0.98                                    0.9749422
0.99                                    0.9824734
1.0                                     0.9810504


# Grain Sphericity Distribution (ratio)
--------------------------------------------------
Cumulative probability                  Value
--------------------------------------------------
0.01                                    0.5469312
0.02                                    0.5881295
0.03                                    0.6100706
0.04                                    0.6226081
0.05                                    0.6388642
0.06                                    0.6224092
0.07                                    0.6915135
0.08                                    0.6711809
0.09                                    0.651223
0.1                                     0.6392884
0.11                                    0.6363022
0.12                                    0.6603629
0.13                                    0.6441824
0.14                                    0.6812737
0.15                                    0.6854584
0.16                                    0.6754134
0.17                                    0.6811281
0.18                                    0.6684486
0.19                                    0.6881947
0.2                                     0.6471683
0.21                                    0.6866177
0.22                                    0.6922733
0.23                                    0.6695793
0.24                                    0.665993
0.25                                    0.6563202
0.26                                    0.7156889
0.27                                    0.7060142
0.28                                    0.6641751
0.29                                    0.6921203
0.3                                     0.6687211
0.31                                    0.6758652
0.32                                    0.6722044
0.33                                    0.6645279
0.34                                    0.6879008
0.35                                    0.6743297
0.36                                    0.6604038
0.37                                    0.6921159
0.38                                    0.6887697
0.39                                    0.6688246
0.4                                     0.7075196
0.41                                    0.6724859
0.42                                    0.6638278
0.43                                    0.6489221
0.44                                    0.6803317
0.45                                    0.7017295
0.46                                    0.7338564
0.47                                    0.7113261
0.48                                    0.7105774
0.49                                    0.705217
0.5                                     0.703707
0.51                                    0.6826886
0.52                                    0.6938868
0.53                                    0.7070861
0.54                                    0.7050566
0.55                                    0.7279713
0.56                                    0.7086231
0.57                                    0.7157133
0.58                                    0.6934596
0.59                                    0.6998045
0.6                                     0.7204801
0.61                                    0.7064718
0.62                                    0.6709064
0.63                                    0.7135043
0.64                                    0.6972711
0.65                                    0.6867524
0.66                                    0.6858678
0.67                                    0.7168828
0.68                                    0.7055651
0.69                                    0.7311356
0.7                                     0.724906
0.71                                    0.7016401
0.72                                    0.7362405
0.73                                    0.7186925
0.74                                    0.6966071
0.75                                    0.7251125
0.76                                    0.7035411
0.77                                    0.727386
0.78                                    0.71734
0.79                                    0.7357937
0.8                                     0.7458885
0.81                                    0.7117219
0.82                                    0.7273405
0.83                                    0.7274325
0.84                                    0.7006676
0.85                                    0.6874938
0.86                                    0.7046826
0.87                                    0.7594837
0.88                                    0.7395006
0.89                                    0.7434221
0.9                                     0.6990409
0.91                                    0.7524814
0.92                                    0.754688
0.93                                    0.7663801
0.94                                    0.7725322
0.95                                    0.7474975
0.96                                    0.8168573
0.97                                    0.7420176
0.98                                    0.8130706
0.99                                    0.7990921
1.0                                     0.9654585


# Grain Radius Distribution (um)
--------------------------------------------------
Cumulative probability                  Value
--------------------------------------------------
0.01                                    3.683794
0.02                                    3.5340551
0.03                                    4.7873991
0.04                                    4.165713
0.05                                    5.4071797
0.06                                    5.525078
0.07                                    6.2317773
0.08                                    6.435945
0.09                                    8.1645116
0.1                                     7.8985168
0.11                                    9.1069799
0.12                                    6.7789922
0.13                                    8.3219098
0.14                                    9.3623517
0.15                                    8.6228075
0.16                                    9.1200309
0.17                                    11.9103847
0.18                                    7.7118969
0.19                                    10.6836757
0.2                                     10.2805217
0.21                                    9.0231887
0.22                                    11.4469683
0.23                                    11.1154564
0.24                                    10.011436
0.25                                    14.2847166
0.26                                    12.2294577
0.27                                    14.0643135
0.28                                    12.0222491
0.29                                    13.347384
0.3                                     14.1367202
0.31                                    13.162183
0.32                                    11.8263604
0.33                                    12.4262544
0.34                                    14.6945984
0.35                                    16.347939
0.36                                    14.17382
0.37                                    13.3657496
0.38                                    14.9716519
0.39                                    13.0553628
0.4                                     17.2403876
0.41                                    13.617764
0.42                                    15.313755
0.43                                    14.2516187
0.44                                    19.0566509
0.45                                    16.9484359
0.46                                    16.4351292
0.47                                    15.6449143
0.48                                    16.3539791
0.49                                    17.1424292
0.5                                     18.2624328
0.51                                    16.17076
0.52                                    15.5512373
0.53                                    15.9141933
0.54                                    16.24701
0.55                                    17.8926421
0.56                                    18.4709655
0.57                                    15.6678932
0.58                                    17.1150578
0.59                                    18.9796894
0.6                                     18.8403413
0.61                                    17.244547
0.62                                    18.7076362
0.63                                    19.3521541
0.64                                    17.2644943
0.65                                    21.1259317
0.66                                    19.211256
0.67                                    21.062648
0.68                                    22.4968268
0.69                                    19.1176645
0.7                                     20.1505486
0.71                                    19.6695538
0.72                                    22.0843771
0.73                                    19.9584751
0.74                                    21.7542211
0.75                                    21.0361797
0.76                                    21.8417115
0.77                                    23.1192652
0.78                                    21.7065935
0.79                                    21.1417733
0.8                                     21.8650127
0.81                                    22.8390727
0.82                                    22.8829193
0.83                                    23.6876883
0.84                                    20.4472504
0.85                                    25.9140042
0.86                                    25.4103294
0.87                                    23.9293677
0.88                                    28.4799104
0.89                                    28.190828
0.9                                     25.3058135
0.91                                    28.6332987
0.92                                    26.023363
0.93                                    26.7112454
0.94                                    26.9155907
0.95                                    27.3499258
0.96                                    28.5548324
0.97                                    28.5266055
0.98                                    31.4484293
0.99                                    33.0880274
1.0                                     41.8756991
