DeePore output results including 15 single-value
paramters, 4 functions and 11 distributions
__________________________________________________
        ### Single-value parameters ###
__________________________________________________

Properties                              Value
--------------------------------------------------
Absolute Permeability (um2)             0.0233165
Formation Factor (ratio)                16.854223
Cementation Factor (ratio)              2.2494957
pore density (1/um3)                    0.0022551
Tortuosity (ratio)                      1.3714022
Average Coordination Number             3.7393106
Average Throat Radius (um)              1.6792524
Average Pore Radius (um)                2.6812961
Average Throat Length (um)              7.2597713
Pore to Throat Aspect ratio             5.5098976
Specific Surface (1/um)                 0.0002458
Pore Sphericity (ratio)                 3.5641519
Grain Sphericity (ratio)                0.8030066
Average Grain Radius (um)               3.807172
Relative Young Module (ratio)           0.1610134

__________________________________________________
       ### Functions and distributions ###
__________________________________________________


# Leveret J Function (ratio)
--------------------------------------------------
Wetting-sat (Sw)                        Value
--------------------------------------------------
0.01                                    1.6999858
0.02                                    1.4621813
0.03                                    1.3164123
0.04                                    1.4271972
0.05                                    1.4018548
0.06                                    1.3196753
0.07                                    1.2492428
0.08                                    1.3380232
0.09                                    1.2614276
0.1                                     1.318065
0.11                                    1.2982173
0.12                                    1.3772847
0.13                                    1.2880527
0.14                                    1.2744036
0.15                                    1.2917751
0.16                                    1.315148
0.17                                    1.3253662
0.18                                    1.1635181
0.19                                    1.3278079
0.2                                     1.1368881
0.21                                    1.2306605
0.22                                    1.3390506
0.23                                    1.3969417
0.24                                    1.2244139
0.25                                    1.16818
0.26                                    1.2285744
0.27                                    1.1867631
0.28                                    1.2600753
0.29                                    1.1888992
0.3                                     1.3224577
0.31                                    1.1727473
0.32                                    1.2647885
0.33                                    1.2208645
0.34                                    1.2900979
0.35                                    1.2633839
0.36                                    1.3728893
0.37                                    1.2011786
0.38                                    1.2901389
0.39                                    1.2960024
0.4                                     1.340835
0.41                                    1.2930794
0.42                                    1.3268599
0.43                                    1.3890201
0.44                                    1.2390439
0.45                                    1.2642428
0.46                                    1.2635338
0.47                                    1.343928
0.48                                    1.2652155
0.49                                    1.262907
0.5                                     1.3573346
0.51                                    1.2343135
0.52                                    1.2338133
0.53                                    1.2837945
0.54                                    1.2713848
0.55                                    1.3283867
0.56                                    1.2638179
0.57                                    1.1615614
0.58                                    1.3095917
0.59                                    1.2630437
0.6                                     1.1794544
0.61                                    1.2986553
0.62                                    1.2228881
0.63                                    1.3614146
0.64                                    1.2007839
0.65                                    1.2693581
0.66                                    1.2271943
0.67                                    1.3354736
0.68                                    1.2336808
0.69                                    1.1374196
0.7                                     1.2422026
0.71                                    1.2416507
0.72                                    1.1732648
0.73                                    1.172612
0.74                                    1.2460801
0.75                                    1.1356684
0.76                                    1.1687489
0.77                                    1.2023037
0.78                                    1.2268796
0.79                                    1.2314333
0.8                                     1.3611907
0.81                                    1.1644724
0.82                                    1.1863556
0.83                                    1.1402588
0.84                                    1.2070116
0.85                                    1.1302823
0.86                                    1.3766325
0.87                                    1.3639456
0.88                                    1.1800768
0.89                                    1.1018686
0.9                                     1.2478612
0.91                                    1.1846295
0.92                                    1.1910574
0.93                                    1.1031167
0.94                                    1.1496454
0.95                                    1.1852958
0.96                                    1.1641325
0.97                                    1.0292306
0.98                                    1.0332516
0.99                                    0.9915746
1.0                                     0.6982932


# Wetting Relative Permeability (fraction)
--------------------------------------------------
Wetting-sat (Sw)                        Value
--------------------------------------------------
0.01                                    0.0237782
0.02                                    0.0183481
0.03                                    0.0194208
0.04                                    0.0203805
0.05                                    0.0218116
0.06                                    0.0182853
0.07                                    0.0173334
0.08                                    0.0202214
0.09                                    0.016681
0.1                                     0.0160851
0.11                                    0.0162302
0.12                                    0.0185076
0.13                                    0.020465
0.14                                    0.0185334
0.15                                    0.0171986
0.16                                    0.0207474
0.17                                    0.0161063
0.18                                    0.020898
0.19                                    0.0221175
0.2                                     0.0198362
0.21                                    0.0220606
0.22                                    0.02332
0.23                                    0.0224509
0.24                                    0.0268284
0.25                                    0.0278541
0.26                                    0.0328369
0.27                                    0.0304107
0.28                                    0.0352732
0.29                                    0.0385466
0.3                                     0.0389754
0.31                                    0.0443211
0.32                                    0.0583262
0.33                                    0.0562436
0.34                                    0.0463085
0.35                                    0.0652855
0.36                                    0.0713688
0.37                                    0.0709484
0.38                                    0.0907971
0.39                                    0.0881627
0.4                                     0.1024633
0.41                                    0.0966153
0.42                                    0.1003048
0.43                                    0.1270858
0.44                                    0.1149271
0.45                                    0.1087314
0.46                                    0.1290082
0.47                                    0.1236811
0.48                                    0.164515
0.49                                    0.1688698
0.5                                     0.176224
0.51                                    0.1595825
0.52                                    0.1785973
0.53                                    0.1944391
0.54                                    0.2148784
0.55                                    0.2123268
0.56                                    0.2293223
0.57                                    0.2144782
0.58                                    0.2205113
0.59                                    0.2552711
0.6                                     0.236662
0.61                                    0.2734051
0.62                                    0.2771972
0.63                                    0.296619
0.64                                    0.3027412
0.65                                    0.2939752
0.66                                    0.3167039
0.67                                    0.3148735
0.68                                    0.3279412
0.69                                    0.3408213
0.7                                     0.3342961
0.71                                    0.3458866
0.72                                    0.3468294
0.73                                    0.3531564
0.74                                    0.3898056
0.75                                    0.3874018
0.76                                    0.3993626
0.77                                    0.3982064
0.78                                    0.4026072
0.79                                    0.436844
0.8                                     0.446809
0.81                                    0.464857
0.82                                    0.462412
0.83                                    0.477058
0.84                                    0.4806427
0.85                                    0.4901041
0.86                                    0.4868389
0.87                                    0.5177324
0.88                                    0.5451988
0.89                                    0.5898291
0.9                                     0.5574526
0.91                                    0.5965486
0.92                                    0.6200669
0.93                                    0.6131208
0.94                                    0.6578794
0.95                                    0.6606011
0.96                                    0.7055107
0.97                                    0.7079018
0.98                                    0.7137197
0.99                                    0.7593011
1.0                                     0.9825678


# Non-Wetting Relative Permeability (fraction)
--------------------------------------------------
Wetting-sat (Sw)                        Value
--------------------------------------------------
0.01                                    0.9825294
0.02                                    0.9505251
0.03                                    0.9111946
0.04                                    0.8907496
0.05                                    0.8749199
0.06                                    0.8472017
0.07                                    0.8443154
0.08                                    0.8135575
0.09                                    0.8146411
0.1                                     0.8068222
0.11                                    0.7847542
0.12                                    0.759137
0.13                                    0.7529259
0.14                                    0.7186483
0.15                                    0.7332408
0.16                                    0.7051467
0.17                                    0.6987598
0.18                                    0.6945109
0.19                                    0.6831911
0.2                                     0.6860038
0.21                                    0.6505975
0.22                                    0.6551506
0.23                                    0.6461005
0.24                                    0.6197062
0.25                                    0.6256519
0.26                                    0.6089642
0.27                                    0.5904342
0.28                                    0.5989393
0.29                                    0.5746949
0.3                                     0.5716336
0.31                                    0.5608985
0.32                                    0.5833305
0.33                                    0.5608166
0.34                                    0.5755889
0.35                                    0.5592411
0.36                                    0.5253454
0.37                                    0.528942
0.38                                    0.5185977
0.39                                    0.5217838
0.4                                     0.5108424
0.41                                    0.5193481
0.42                                    0.5092343
0.43                                    0.505569
0.44                                    0.5233439
0.45                                    0.512991
0.46                                    0.5038999
0.47                                    0.4823723
0.48                                    0.4901554
0.49                                    0.4654163
0.5                                     0.4771169
0.51                                    0.4674421
0.52                                    0.4902497
0.53                                    0.4622128
0.54                                    0.4523682
0.55                                    0.4470772
0.56                                    0.4375479
0.57                                    0.4496989
0.58                                    0.4188633
0.59                                    0.3904824
0.6                                     0.4172339
0.61                                    0.393826
0.62                                    0.4193351
0.63                                    0.4113661
0.64                                    0.3659313
0.65                                    0.3931298
0.66                                    0.3492726
0.67                                    0.3531952
0.68                                    0.3435635
0.69                                    0.3309153
0.7                                     0.3465253
0.71                                    0.3435608
0.72                                    0.3165812
0.73                                    0.3350202
0.74                                    0.2966064
0.75                                    0.3007914
0.76                                    0.29176
0.77                                    0.3092736
0.78                                    0.2931988
0.79                                    0.2617188
0.8                                     0.2666328
0.81                                    0.2553939
0.82                                    0.2381414
0.83                                    0.2443768
0.84                                    0.2308229
0.85                                    0.2213217
0.86                                    0.2192243
0.87                                    0.2042663
0.88                                    0.1792122
0.89                                    0.1833784
0.9                                     0.1651112
0.91                                    0.1326876
0.92                                    0.148834
0.93                                    0.1316475
0.94                                    0.1098258
0.95                                    0.0854504
0.96                                    0.0877257
0.97                                    0.0771443
0.98                                    0.0639685
0.99                                    0.0620399
1.0                                     0.0187283


# Two-point Correlation Function (1/um)
--------------------------------------------------
lag (px)                                Value
--------------------------------------------------
0.5                                     0.297176
1.0                                     0.2933528
1.5                                     0.2864636
2.0                                     0.2871725
2.5                                     0.2801155
3.0                                     0.2745215
3.5                                     0.267078
4.0                                     0.2561212
4.5                                     0.2501456
5.0                                     0.2515232
5.5                                     0.2591194
6.0                                     0.2375711
6.5                                     0.2423331
7.0                                     0.2360878
7.5                                     0.2366298
8.0                                     0.2354487
8.5                                     0.2295796
9.0                                     0.2207822
9.5                                     0.2115827
10.0                                    0.2168893
10.5                                    0.2088483
11.0                                    0.2077897
11.5                                    0.2070035
12.0                                    0.2016322
12.5                                    0.1936922
13.0                                    0.1998904
13.5                                    0.1903153
14.0                                    0.1901784
14.5                                    0.196394
15.0                                    0.1948376
15.5                                    0.1845252
16.0                                    0.1810386
16.5                                    0.1913213
17.0                                    0.1840117
17.5                                    0.18669
18.0                                    0.1813279
18.5                                    0.1723261
19.0                                    0.1710143
19.5                                    0.177127
20.0                                    0.1755952
20.5                                    0.1753029
21.0                                    0.185187
21.5                                    0.1903761
22.0                                    0.180452
22.5                                    0.1750092
23.0                                    0.185028
23.5                                    0.1672142
24.0                                    0.1654909
24.5                                    0.1722663
25.0                                    0.1724072
25.5                                    0.1746454
26.0                                    0.1724346
26.5                                    0.1665004
27.0                                    0.1644079
27.5                                    0.1651552
28.0                                    0.1739646
28.5                                    0.1554709
29.0                                    0.1787799
29.5                                    0.1609246
30.0                                    0.1774864
30.5                                    0.1688194
31.0                                    0.1822617
31.5                                    0.1605581
32.0                                    0.1584581
32.5                                    0.1635252
33.0                                    0.1702384
33.5                                    0.1666234
34.0                                    0.1648329
34.5                                    0.1634682
35.0                                    0.1700682
35.5                                    0.1587973
36.0                                    0.16919
36.5                                    0.1672886
37.0                                    0.1685239
37.5                                    0.168039
38.0                                    0.171693
38.5                                    0.1614285
39.0                                    0.1598044
39.5                                    0.1678205
40.0                                    0.1698322
40.5                                    0.1607348
41.0                                    0.1698993
41.5                                    0.1650969
42.0                                    0.1717297
42.5                                    0.1734587
43.0                                    0.1658443
43.5                                    0.1670144
44.0                                    0.1682769
44.5                                    0.1673076
45.0                                    0.1713789
45.5                                    0.1589951
46.0                                    0.1682611
46.5                                    0.1758199
47.0                                    0.1782416
47.5                                    0.1671828
48.0                                    0.15608
48.5                                    0.159821
49.0                                    0.1672807
49.5                                    0.1685117
50.0                                    0.15958


# Pore Radius Distribution (um)
--------------------------------------------------
Cumulative probability                  Value
--------------------------------------------------
0.01                                    4.5244793
0.02                                    5.5277922
0.03                                    6.8459264
0.04                                    7.4172155
0.05                                    7.9827538
0.06                                    8.6016884
0.07                                    8.8735697
0.08                                    9.7801155
0.09                                    9.7011032
0.1                                     9.1459207
0.11                                    10.1958125
0.12                                    11.2077454
0.13                                    9.9801348
0.14                                    11.5186407
0.15                                    10.8758157
0.16                                    11.9458467
0.17                                    11.5709397
0.18                                    10.7722075
0.19                                    11.5462659
0.2                                     12.0789892
0.21                                    13.3016082
0.22                                    11.4914916
0.23                                    11.8798148
0.24                                    11.8932403
0.25                                    13.0522531
0.26                                    11.8675811
0.27                                    12.6971898
0.28                                    14.0229574
0.29                                    12.0958256
0.3                                     12.8756224
0.31                                    13.9242069
0.32                                    12.9965871
0.33                                    13.2825085
0.34                                    13.913186
0.35                                    12.6229894
0.36                                    13.3109291
0.37                                    13.6970909
0.38                                    13.275149
0.39                                    14.2004276
0.4                                     14.365342
0.41                                    14.9569651
0.42                                    14.0848269
0.43                                    14.0534889
0.44                                    15.3067037
0.45                                    13.8144126
0.46                                    14.3426378
0.47                                    15.4708099
0.48                                    15.5181824
0.49                                    14.9904975
0.5                                     14.7214474
0.51                                    13.8828856
0.52                                    15.4990818
0.53                                    13.9855003
0.54                                    13.2257307
0.55                                    15.52764
0.56                                    15.4521093
0.57                                    15.9318455
0.58                                    15.3147769
0.59                                    15.6571661
0.6                                     15.6434343
0.61                                    15.5138944
0.62                                    16.2361464
0.63                                    15.3832262
0.64                                    16.2048479
0.65                                    16.7938316
0.66                                    15.2554184
0.67                                    15.7007791
0.68                                    15.4525276
0.69                                    16.1893949
0.7                                     16.6651349
0.71                                    16.3113854
0.72                                    15.814422
0.73                                    17.3747917
0.74                                    17.1250127
0.75                                    16.4132276
0.76                                    16.8225889
0.77                                    17.3446234
0.78                                    16.8828392
0.79                                    16.4851694
0.8                                     16.5378033
0.81                                    16.8364565
0.82                                    18.013936
0.83                                    17.2950463
0.84                                    17.092395
0.85                                    17.9541591
0.86                                    17.9961767
0.87                                    17.4302604
0.88                                    18.1063251
0.89                                    17.543539
0.9                                     17.7042425
0.91                                    18.9879861
0.92                                    19.0269615
0.93                                    18.4684011
0.94                                    19.6106041
0.95                                    19.3896779
0.96                                    19.4211176
0.97                                    19.1677333
0.98                                    19.4366183
0.99                                    20.6308405
1.0                                     25.5391253


# Throat Radius Distribution (um)
--------------------------------------------------
Cumulative probability                  Value
--------------------------------------------------
0.01                                    2.7952088
0.02                                    3.7490493
0.03                                    4.0053173
0.04                                    4.6048573
0.05                                    4.6687784
0.06                                    5.728072
0.07                                    6.2877711
0.08                                    7.0573909
0.09                                    6.6149795
0.1                                     6.3627548
0.11                                    6.7092921
0.12                                    7.6617079
0.13                                    6.2193021
0.14                                    6.7603251
0.15                                    7.6227718
0.16                                    9.0015935
0.17                                    7.223136
0.18                                    8.7469509
0.19                                    8.5740683
0.2                                     8.6968304
0.21                                    7.7112233
0.22                                    9.4529155
0.23                                    9.0221016
0.24                                    8.6636167
0.25                                    8.9668038
0.26                                    9.8644398
0.27                                    8.87764
0.28                                    9.4122933
0.29                                    10.0753737
0.3                                     10.4841587
0.31                                    9.9345611
0.32                                    10.7147275
0.33                                    9.849693
0.34                                    10.6069311
0.35                                    10.5198497
0.36                                    11.3540981
0.37                                    11.3657302
0.38                                    10.3737222
0.39                                    11.3020357
0.4                                     10.6833996
0.41                                    10.5138413
0.42                                    11.1078467
0.43                                    10.5700394
0.44                                    11.1930638
0.45                                    12.3769876
0.46                                    12.2605455
0.47                                    11.88435
0.48                                    11.1119037
0.49                                    11.7825536
0.5                                     12.8646304
0.51                                    11.4730306
0.52                                    12.9967224
0.53                                    13.3513692
0.54                                    12.9012273
0.55                                    12.8220008
0.56                                    13.4255195
0.57                                    12.7691457
0.58                                    12.8085484
0.59                                    12.8928811
0.6                                     13.9506193
0.61                                    12.8139859
0.62                                    12.7093734
0.63                                    13.0141187
0.64                                    12.0030522
0.65                                    12.8447709
0.66                                    12.6509656
0.67                                    13.2154391
0.68                                    15.0887155
0.69                                    14.1122478
0.7                                     13.3172112
0.71                                    14.5230506
0.72                                    14.0913093
0.73                                    14.1125661
0.74                                    12.8028348
0.75                                    14.2956199
0.76                                    14.1764778
0.77                                    15.1792625
0.78                                    14.2065188
0.79                                    14.2542031
0.8                                     15.0509965
0.81                                    14.7398797
0.82                                    14.2800748
0.83                                    14.7280809
0.84                                    15.8689436
0.85                                    15.5953287
0.86                                    15.5346271
0.87                                    16.2496062
0.88                                    14.5029375
0.89                                    16.4547825
0.9                                     17.1114062
0.91                                    15.8111882
0.92                                    16.4851408
0.93                                    17.5347676
0.94                                    17.0711144
0.95                                    17.0366363
0.96                                    17.3958427
0.97                                    18.537106
0.98                                    17.6417994
0.99                                    19.8598732
1.0                                     22.7874671


# Throat Lenght Distribution (um)
--------------------------------------------------
Cumulative probability                  Value
--------------------------------------------------
0.01                                    16.9479363
0.02                                    20.5402166
0.03                                    21.0445131
0.04                                    22.4999577
0.05                                    24.2892405
0.06                                    26.5536451
0.07                                    26.2268336
0.08                                    26.1801027
0.09                                    26.7519469
0.1                                     25.8430639
0.11                                    29.1083246
0.12                                    29.4709213
0.13                                    28.2014891
0.14                                    27.5908516
0.15                                    31.0523749
0.16                                    29.8471965
0.17                                    30.6530324
0.18                                    30.2598593
0.19                                    28.4935879
0.2                                     30.7133775
0.21                                    32.3082528
0.22                                    32.7448959
0.23                                    33.8481182
0.24                                    31.9390084
0.25                                    30.8154972
0.26                                    32.0381634
0.27                                    31.819082
0.28                                    34.9976012
0.29                                    30.1773082
0.3                                     34.7211208
0.31                                    33.3496455
0.32                                    35.1590164
0.33                                    33.9003312
0.34                                    32.4899528
0.35                                    35.1879075
0.36                                    33.4015334
0.37                                    34.0944364
0.38                                    36.0814723
0.39                                    35.637254
0.4                                     33.5937071
0.41                                    34.6087738
0.42                                    34.5111881
0.43                                    33.9600242
0.44                                    32.9058225
0.45                                    33.6208446
0.46                                    35.8475718
0.47                                    35.7161511
0.48                                    35.6487628
0.49                                    35.8945635
0.5                                     35.9795038
0.51                                    35.3936934
0.52                                    36.0199513
0.53                                    37.6695157
0.54                                    36.4653518
0.55                                    38.7033828
0.56                                    36.9718158
0.57                                    39.7851153
0.58                                    35.8326656
0.59                                    37.3785141
0.6                                     36.8446496
0.61                                    36.8875297
0.62                                    36.287486
0.63                                    36.4051619
0.64                                    36.2055372
0.65                                    38.0503062
0.66                                    39.9423671
0.67                                    38.7918261
0.68                                    38.7521508
0.69                                    41.4725848
0.7                                     38.3542223
0.71                                    37.6004546
0.72                                    40.2289548
0.73                                    38.8279942
0.74                                    40.0812139
0.75                                    39.8819929
0.76                                    41.7517235
0.77                                    39.6779647
0.78                                    42.4952226
0.79                                    40.5328667
0.8                                     41.9285066
0.81                                    40.5243661
0.82                                    41.9182917
0.83                                    42.4664247
0.84                                    42.7044804
0.85                                    40.8118688
0.86                                    41.1291839
0.87                                    41.3190885
0.88                                    43.0386809
0.89                                    42.2610011
0.9                                     44.4778964
0.91                                    45.6011012
0.92                                    44.0419199
0.93                                    44.7887025
0.94                                    47.6143782
0.95                                    45.3430919
0.96                                    47.6643801
0.97                                    45.3038804
0.98                                    49.4949033
0.99                                    49.1634481
1.0                                     58.7658869


# Pore Inscribed Radius Distribution (um)
--------------------------------------------------
Cumulative probability                  Value
--------------------------------------------------
0.01                                    3.5652673
0.02                                    4.8367818
0.03                                    6.2468888
0.04                                    5.2660209
0.05                                    6.2190498
0.06                                    7.7551244
0.07                                    7.4720817
0.08                                    7.731161
0.09                                    8.1889269
0.1                                     8.3062017
0.11                                    8.3919338
0.12                                    7.3015787
0.13                                    8.928936
0.14                                    9.5656071
0.15                                    8.55608
0.16                                    9.339521
0.17                                    10.5891276
0.18                                    10.280605
0.19                                    10.2795042
0.2                                     10.7079852
0.21                                    10.3601302
0.22                                    9.7385498
0.23                                    9.8888053
0.24                                    9.9904098
0.25                                    10.4279432
0.26                                    9.5093204
0.27                                    10.8003386
0.28                                    10.3563491
0.29                                    11.7051959
0.3                                     12.1439739
0.31                                    10.3665238
0.32                                    11.277261
0.33                                    11.6253069
0.34                                    12.1581274
0.35                                    11.9323451
0.36                                    11.9454003
0.37                                    11.802629
0.38                                    12.4322919
0.39                                    11.067108
0.4                                     11.6381866
0.41                                    11.98529
0.42                                    12.4553351
0.43                                    12.1931292
0.44                                    11.6403044
0.45                                    12.2010551
0.46                                    11.6912564
0.47                                    11.5523954
0.48                                    12.8595428
0.49                                    12.1287171
0.5                                     12.3236954
0.51                                    12.9250069
0.52                                    12.455811
0.53                                    13.0510987
0.54                                    12.4534518
0.55                                    12.5509149
0.56                                    12.3531896
0.57                                    12.4620677
0.58                                    12.344578
0.59                                    13.1010843
0.6                                     13.0475223
0.61                                    13.2991306
0.62                                    12.1917775
0.63                                    13.6092822
0.64                                    12.3954522
0.65                                    13.3117818
0.66                                    13.603552
0.67                                    13.7308825
0.68                                    13.7017153
0.69                                    13.189192
0.7                                     14.3768757
0.71                                    13.3263572
0.72                                    13.9686096
0.73                                    13.4742039
0.74                                    13.6409105
0.75                                    13.9032653
0.76                                    13.630485
0.77                                    14.4342402
0.78                                    13.8217285
0.79                                    13.7087287
0.8                                     13.6489434
0.81                                    13.7128402
0.82                                    14.1375461
0.83                                    14.5558491
0.84                                    14.7225941
0.85                                    15.0746154
0.86                                    14.9557373
0.87                                    14.9092126
0.88                                    14.7150055
0.89                                    14.6593368
0.9                                     14.6921917
0.91                                    14.8069044
0.92                                    14.9840142
0.93                                    15.0737097
0.94                                    14.7263606
0.95                                    15.3348875
0.96                                    16.3099778
0.97                                    15.8524452
0.98                                    16.4870507
0.99                                    18.1258744
1.0                                     19.5716363


# Throat Inscribed Radius Distribution (um)
--------------------------------------------------
Cumulative probability                  Value
--------------------------------------------------
0.01                                    1.7163157
0.02                                    2.0831146
0.03                                    2.4049283
0.04                                    2.7545435
0.05                                    3.4427804
0.06                                    3.4235178
0.07                                    3.7640144
0.08                                    3.8283415
0.09                                    4.2297415
0.1                                     4.6263062
0.11                                    4.7232282
0.12                                    4.9690628
0.13                                    5.1899722
0.14                                    5.5530611
0.15                                    5.5779331
0.16                                    6.0085336
0.17                                    5.3214784
0.18                                    6.5178564
0.19                                    5.6731434
0.2                                     6.7101243
0.21                                    6.2592121
0.22                                    6.3202275
0.23                                    6.2378593
0.24                                    7.3283554
0.25                                    7.1727835
0.26                                    6.7974964
0.27                                    6.4160176
0.28                                    7.2485841
0.29                                    6.961591
0.3                                     7.7868868
0.31                                    7.3012135
0.32                                    7.5389331
0.33                                    6.9140981
0.34                                    7.4333579
0.35                                    7.772655
0.36                                    7.8138674
0.37                                    7.4307632
0.38                                    7.5673574
0.39                                    7.5024117
0.4                                     7.8300147
0.41                                    8.1619285
0.42                                    8.4756426
0.43                                    8.5652813
0.44                                    7.9786873
0.45                                    8.6351905
0.46                                    9.1114884
0.47                                    8.2685746
0.48                                    9.0075013
0.49                                    8.4516274
0.5                                     8.2248665
0.51                                    8.1690406
0.52                                    8.0997936
0.53                                    8.0519916
0.54                                    8.8768827
0.55                                    9.1156691
0.56                                    8.86698
0.57                                    9.1744671
0.58                                    8.6959169
0.59                                    9.2326728
0.6                                     9.5298315
0.61                                    8.9913886
0.62                                    8.957304
0.63                                    9.780365
0.64                                    9.7306549
0.65                                    9.5944709
0.66                                    8.5190694
0.67                                    9.939084
0.68                                    10.4127419
0.69                                    9.3276288
0.7                                     10.2723723
0.71                                    10.4359654
0.72                                    10.0994236
0.73                                    10.1144816
0.74                                    10.4442705
0.75                                    9.9920095
0.76                                    9.9386515
0.77                                    10.3784261
0.78                                    10.4368316
0.79                                    9.9294632
0.8                                     9.9600247
0.81                                    11.3984416
0.82                                    10.5473995
0.83                                    11.1273402
0.84                                    10.8380033
0.85                                    10.3288489
0.86                                    10.5457037
0.87                                    11.5007667
0.88                                    11.0640958
0.89                                    11.1660868
0.9                                     10.8159069
0.91                                    11.7442314
0.92                                    11.6719329
0.93                                    11.5980239
0.94                                    11.978402
0.95                                    12.3800698
0.96                                    12.232485
0.97                                    11.5201729
0.98                                    13.6022277
0.99                                    13.8797675
1.0                                     15.6146356


# Throat Average Distance (um)
--------------------------------------------------
Cumulative probability                  Value
--------------------------------------------------
0.01                                    1.7000074
0.02                                    1.6116461
0.03                                    1.6644409
0.04                                    1.9925732
0.05                                    2.3424958
0.06                                    2.317472
0.07                                    2.4711129
0.08                                    2.603961
0.09                                    2.7456872
0.1                                     2.7939861
0.11                                    2.8929272
0.12                                    2.844688
0.13                                    3.0643568
0.14                                    3.5734965
0.15                                    3.1915408
0.16                                    3.1400749
0.17                                    3.357442
0.18                                    3.2726534
0.19                                    3.7035892
0.2                                     3.5462863
0.21                                    3.3818432
0.22                                    3.3980093
0.23                                    3.860764
0.24                                    3.6114709
0.25                                    3.4662625
0.26                                    3.5872798
0.27                                    3.5157163
0.28                                    3.8934321
0.29                                    3.9831884
0.3                                     4.2206263
0.31                                    3.9827194
0.32                                    4.3796931
0.33                                    3.8681498
0.34                                    4.0312201
0.35                                    4.3489318
0.36                                    4.0983281
0.37                                    4.1990999
0.38                                    4.3054743
0.39                                    4.4749716
0.4                                     3.9510282
0.41                                    4.5717382
0.42                                    3.8829155
0.43                                    4.4306523
0.44                                    4.456177
0.45                                    4.7204132
0.46                                    4.5646901
0.47                                    4.447215
0.48                                    4.3004541
0.49                                    4.5329126
0.5                                     5.308005
0.51                                    4.488272
0.52                                    5.2027128
0.53                                    5.0300227
0.54                                    5.0281106
0.55                                    5.0787375
0.56                                    5.0236
0.57                                    5.1127962
0.58                                    4.590554
0.59                                    5.2899327
0.6                                     5.4734554
0.61                                    5.3191292
0.62                                    5.0917176
0.63                                    5.0114889
0.64                                    5.8689564
0.65                                    5.54081
0.66                                    5.2628177
0.67                                    5.6760432
0.68                                    5.1653496
0.69                                    5.6450668
0.7                                     5.8373022
0.71                                    5.9390748
0.72                                    5.6283168
0.73                                    5.6980874
0.74                                    5.6996634
0.75                                    6.4344124
0.76                                    5.4420116
0.77                                    5.8162774
0.78                                    5.6254318
0.79                                    6.2552429
0.8                                     6.0960705
0.81                                    6.5649521
0.82                                    6.0880811
0.83                                    6.3451899
0.84                                    6.1997497
0.85                                    6.1405566
0.86                                    5.9256983
0.87                                    5.8407045
0.88                                    6.7834331
0.89                                    6.77627
0.9                                     6.2848867
0.91                                    6.8661488
0.92                                    6.7071569
0.93                                    6.9867601
0.94                                    6.8261999
0.95                                    6.697125
0.96                                    6.9832968
0.97                                    7.5894557
0.98                                    7.5749439
0.99                                    7.7000157
1.0                                     11.0833842


# Throat Permeability Distribution (um2)
--------------------------------------------------
Cumulative probability                  Value
--------------------------------------------------
0.01                                    31.380835
0.02                                    32.7187882
0.03                                    29.3951812
0.04                                    32.4858653
0.05                                    27.2141058
0.06                                    30.3573014
0.07                                    31.3742381
0.08                                    29.3644536
0.09                                    33.7573448
0.1                                     34.3620821
0.11                                    25.7537004
0.12                                    37.783784
0.13                                    30.9439808
0.14                                    36.6397479
0.15                                    29.4246454
0.16                                    35.1595533
0.17                                    37.7534036
0.18                                    44.2849565
0.19                                    32.0001999
0.2                                     28.5753667
0.21                                    36.0539525
0.22                                    45.6413437
0.23                                    43.9981944
0.24                                    33.5112313
0.25                                    37.4591091
0.26                                    42.2266984
0.27                                    40.3200787
0.28                                    42.9673824
0.29                                    40.5627651
0.3                                     41.4119473
0.31                                    46.5846698
0.32                                    39.5097383
0.33                                    41.5056315
0.34                                    45.5385936
0.35                                    50.5230798
0.36                                    41.8490362
0.37                                    45.0811772
0.38                                    43.4769663
0.39                                    44.6969727
0.4                                     52.2809094
0.41                                    52.3382175
0.42                                    53.0749858
0.43                                    56.6318467
0.44                                    47.6186774
0.45                                    51.9356658
0.46                                    52.7041133
0.47                                    49.3022117
0.48                                    54.0941665
0.49                                    53.2629553
0.5                                     51.2016591
0.51                                    58.5090987
0.52                                    56.3119619
0.53                                    61.8641759
0.54                                    64.6827448
0.55                                    48.1997823
0.56                                    57.5328685
0.57                                    61.5319911
0.58                                    57.5839848
0.59                                    61.1716184
0.6                                     53.3798186
0.61                                    67.4123071
0.62                                    74.1543657
0.63                                    66.3565027
0.64                                    67.6909645
0.65                                    63.2742576
0.66                                    71.974512
0.67                                    61.0239278
0.68                                    66.4041533
0.69                                    70.2857149
0.7                                     66.6579342
0.71                                    66.0873419
0.72                                    67.6313353
0.73                                    75.6567653
0.74                                    74.5606916
0.75                                    72.0244966
0.76                                    65.8896024
0.77                                    75.3021343
0.78                                    80.5466028
0.79                                    72.2443479
0.8                                     88.9241368
0.81                                    66.7713287
0.82                                    69.0725304
0.83                                    80.4477137
0.84                                    87.2688386
0.85                                    88.2837692
0.86                                    89.644535
0.87                                    96.8730338
0.88                                    112.4162483
0.89                                    101.3100586
0.9                                     103.9977441
0.91                                    103.4324885
0.92                                    107.8844431
0.93                                    117.2488099
0.94                                    114.9373656
0.95                                    114.0940184
0.96                                    113.1012188
0.97                                    105.1094163
0.98                                    110.8573637
0.99                                    129.99423
1.0                                     217.3389628


# Coordination Number Distribution
--------------------------------------------------
Cumulative probability                  Value
--------------------------------------------------
0.01                                    2.2682157
0.02                                    3.0777695
0.03                                    3.7057708
0.04                                    4.7332195
0.05                                    5.7243341
0.06                                    5.443195
0.07                                    6.0089373
0.08                                    7.1928958
0.09                                    7.4983928
0.1                                     7.5122356
0.11                                    7.2048575
0.12                                    8.3563221
0.13                                    8.4943926
0.14                                    8.2305438
0.15                                    9.0283443
0.16                                    8.9447019
0.17                                    8.3607417
0.18                                    10.2538807
0.19                                    9.1914679
0.2                                     9.4085064
0.21                                    10.4304519
0.22                                    10.3095601
0.23                                    10.3776734
0.24                                    8.8700459
0.25                                    9.8006157
0.26                                    11.4890372
0.27                                    8.6982444
0.28                                    10.2754631
0.29                                    10.3089271
0.3                                     11.2656637
0.31                                    12.6425087
0.32                                    11.9456936
0.33                                    12.5397657
0.34                                    11.9522149
0.35                                    11.1062089
0.36                                    11.2336293
0.37                                    11.1536587
0.38                                    11.4262965
0.39                                    12.5664995
0.4                                     12.8024756
0.41                                    11.519642
0.42                                    11.8643655
0.43                                    12.6346409
0.44                                    12.2962774
0.45                                    13.0148239
0.46                                    13.8577397
0.47                                    12.4111722
0.48                                    12.4644444
0.49                                    12.4977532
0.5                                     11.757264
0.51                                    13.0427124
0.52                                    14.0475672
0.53                                    12.9406695
0.54                                    12.8953433
0.55                                    13.8824416
0.56                                    14.3693741
0.57                                    14.1557465
0.58                                    13.9381465
0.59                                    14.0359776
0.6                                     12.2921486
0.61                                    13.8875381
0.62                                    13.7251323
0.63                                    14.2359273
0.64                                    13.6812382
0.65                                    14.9383729
0.66                                    15.3362781
0.67                                    15.2079828
0.68                                    14.6875593
0.69                                    14.6264707
0.7                                     15.8750973
0.71                                    16.4314262
0.72                                    14.3249326
0.73                                    14.1970918
0.74                                    15.30609
0.75                                    15.7364268
0.76                                    13.8458629
0.77                                    14.896749
0.78                                    14.8830919
0.79                                    15.9186578
0.8                                     16.4662538
0.81                                    16.9251696
0.82                                    16.6751271
0.83                                    15.2960265
0.84                                    16.3664372
0.85                                    16.1878695
0.86                                    17.01254
0.87                                    17.1844741
0.88                                    18.2761043
0.89                                    18.078778
0.9                                     17.2211383
0.91                                    17.6739995
0.92                                    20.3615776
0.93                                    17.6841205
0.94                                    19.1259018
0.95                                    19.3839881
0.96                                    18.7071119
0.97                                    19.792238
0.98                                    21.1165146
0.99                                    20.5608333
1.0                                     28.6687557


# Pore Sphericity Distribution (ratio)
--------------------------------------------------
Cumulative probability                  Value
--------------------------------------------------
0.01                                    0.6088697
0.02                                    0.6220498
0.03                                    0.644063
0.04                                    0.6563084
0.05                                    0.6744255
0.06                                    0.6969852
0.07                                    0.6859548
0.08                                    0.6983601
0.09                                    0.6965281
0.1                                     0.7044069
0.11                                    0.7105896
0.12                                    0.7202344
0.13                                    0.7081062
0.14                                    0.7162532
0.15                                    0.7227597
0.16                                    0.7167467
0.17                                    0.7090332
0.18                                    0.7128529
0.19                                    0.7215131
0.2                                     0.7155735
0.21                                    0.7268235
0.22                                    0.7318878
0.23                                    0.7375094
0.24                                    0.7302841
0.25                                    0.732281
0.26                                    0.7477605
0.27                                    0.7405715
0.28                                    0.7327258
0.29                                    0.751313
0.3                                     0.7362288
0.31                                    0.746318
0.32                                    0.7446736
0.33                                    0.7547883
0.34                                    0.7618953
0.35                                    0.7448159
0.36                                    0.763775
0.37                                    0.7639443
0.38                                    0.7546472
0.39                                    0.7539232
0.4                                     0.7615343
0.41                                    0.7482015
0.42                                    0.7620939
0.43                                    0.758113
0.44                                    0.7697497
0.45                                    0.7650464
0.46                                    0.7696511
0.47                                    0.7668906
0.48                                    0.7717486
0.49                                    0.7720391
0.5                                     0.7731521
0.51                                    0.7730209
0.52                                    0.7749321
0.53                                    0.7597821
0.54                                    0.7785094
0.55                                    0.7679884
0.56                                    0.7577524
0.57                                    0.7748152
0.58                                    0.7824872
0.59                                    0.7881517
0.6                                     0.7749604
0.61                                    0.7793629
0.62                                    0.786239
0.63                                    0.7834831
0.64                                    0.7800365
0.65                                    0.7899534
0.66                                    0.7864771
0.67                                    0.7901676
0.68                                    0.7833388
0.69                                    0.7943346
0.7                                     0.7938119
0.71                                    0.7831573
0.72                                    0.8044102
0.73                                    0.7911615
0.74                                    0.814531
0.75                                    0.8015464
0.76                                    0.7965199
0.77                                    0.8074058
0.78                                    0.810152
0.79                                    0.8063468
0.8                                     0.8099584
0.81                                    0.8150034
0.82                                    0.824149
0.83                                    0.8250057
0.84                                    0.8279487
0.85                                    0.8122552
0.86                                    0.8249975
0.87                                    0.8299378
0.88                                    0.8348361
0.89                                    0.8325365
0.9                                     0.8298759
0.91                                    0.829723
0.92                                    0.8425535
0.93                                    0.8561543
0.94                                    0.8490187
0.95                                    0.868516
0.96                                    0.8582165
0.97                                    0.87497
0.98                                    0.89245
0.99                                    0.8942083
1.0                                     0.9624189


# Grain Sphericity Distribution (ratio)
--------------------------------------------------
Cumulative probability                  Value
--------------------------------------------------
0.01                                    0.555338
0.02                                    0.6035295
0.03                                    0.6010887
0.04                                    0.6136372
0.05                                    0.6304287
0.06                                    0.6242927
0.07                                    0.6558363
0.08                                    0.6507345
0.09                                    0.6554785
0.1                                     0.6568326
0.11                                    0.6584398
0.12                                    0.6639609
0.13                                    0.6644126
0.14                                    0.664167
0.15                                    0.6804461
0.16                                    0.6920332
0.17                                    0.6800892
0.18                                    0.6829943
0.19                                    0.6876084
0.2                                     0.6927761
0.21                                    0.6973688
0.22                                    0.7034576
0.23                                    0.7084988
0.24                                    0.7025587
0.25                                    0.7114944
0.26                                    0.7238066
0.27                                    0.707369
0.28                                    0.7343614
0.29                                    0.7168776
0.3                                     0.7250232
0.31                                    0.729341
0.32                                    0.7112763
0.33                                    0.7277742
0.34                                    0.7266276
0.35                                    0.7392887
0.36                                    0.7249695
0.37                                    0.738746
0.38                                    0.7241176
0.39                                    0.7381186
0.4                                     0.7321783
0.41                                    0.7372039
0.42                                    0.7381408
0.43                                    0.743632
0.44                                    0.7445403
0.45                                    0.7469996
0.46                                    0.7496543
0.47                                    0.7443509
0.48                                    0.7505692
0.49                                    0.7540044
0.5                                     0.7508675
0.51                                    0.7577241
0.52                                    0.7541313
0.53                                    0.764617
0.54                                    0.7640267
0.55                                    0.7568709
0.56                                    0.7744552
0.57                                    0.7781432
0.58                                    0.7548435
0.59                                    0.7622573
0.6                                     0.76959
0.61                                    0.7733445
0.62                                    0.7714227
0.63                                    0.7794244
0.64                                    0.7772724
0.65                                    0.7847918
0.66                                    0.7959066
0.67                                    0.7904381
0.68                                    0.7759218
0.69                                    0.7900951
0.7                                     0.7993053
0.71                                    0.7841301
0.72                                    0.7874577
0.73                                    0.8050516
0.74                                    0.7953877
0.75                                    0.7910416
0.76                                    0.7902716
0.77                                    0.8051045
0.78                                    0.7878521
0.79                                    0.8162887
0.8                                     0.8077271
0.81                                    0.8109937
0.82                                    0.8193482
0.83                                    0.8290489
0.84                                    0.8254623
0.85                                    0.8266604
0.86                                    0.8132066
0.87                                    0.8387136
0.88                                    0.8199668
0.89                                    0.841406
0.9                                     0.8364216
0.91                                    0.8471765
0.92                                    0.8527217
0.93                                    0.8439796
0.94                                    0.847118
0.95                                    0.8605055
0.96                                    0.8739648
0.97                                    0.8777481
0.98                                    0.8985222
0.99                                    0.9110499
1.0                                     0.9677443


# Grain Radius Distribution (um)
--------------------------------------------------
Cumulative probability                  Value
--------------------------------------------------
0.01                                    6.6762765
0.02                                    7.9646649
0.03                                    9.6850879
0.04                                    10.422185
0.05                                    10.4052608
0.06                                    13.5286149
0.07                                    12.4694028
0.08                                    12.5110208
0.09                                    13.1871366
0.1                                     13.0275446
0.11                                    14.489118
0.12                                    14.0102297
0.13                                    14.3180817
0.14                                    16.0105822
0.15                                    15.1990372
0.16                                    13.7829787
0.17                                    14.6972505
0.18                                    15.6303956
0.19                                    17.8704162
0.2                                     16.0220131
0.21                                    16.192914
0.22                                    16.8188344
0.23                                    16.875502
0.24                                    17.4441776
0.25                                    17.056623
0.26                                    17.1546778
0.27                                    17.4568143
0.28                                    18.6031495
0.29                                    17.4475144
0.3                                     18.2461701
0.31                                    18.9770214
0.32                                    16.8954334
0.33                                    16.9495941
0.34                                    18.3855523
0.35                                    18.4085215
0.36                                    18.3286346
0.37                                    17.4453053
0.38                                    18.5664513
0.39                                    20.5616265
0.4                                     20.5408249
0.41                                    19.3964437
0.42                                    18.0159423
0.43                                    18.1576703
0.44                                    19.7329595
0.45                                    18.3470344
0.46                                    19.212269
0.47                                    20.6817254
0.48                                    18.9803948
0.49                                    19.649759
0.5                                     19.7387543
0.51                                    20.0120524
0.52                                    22.0002429
0.53                                    19.7660342
0.54                                    21.6461633
0.55                                    21.119966
0.56                                    21.9778327
0.57                                    20.8581403
0.58                                    21.4278314
0.59                                    21.8759481
0.6                                     22.46921
0.61                                    22.6601937
0.62                                    21.7233579
0.63                                    19.4177909
0.64                                    21.8442867
0.65                                    24.1214742
0.66                                    22.2810066
0.67                                    21.0684904
0.68                                    21.4919768
0.69                                    22.5814979
0.7                                     23.0871206
0.71                                    23.3019936
0.72                                    23.6730695
0.73                                    23.053897
0.74                                    22.7033763
0.75                                    22.382552
0.76                                    24.7421137
0.77                                    24.0063108
0.78                                    23.6530587
0.79                                    23.5396968
0.8                                     24.1373647
0.81                                    23.0439185
0.82                                    24.3897818
0.83                                    25.1845625
0.84                                    25.9942426
0.85                                    24.9475257
0.86                                    23.6522898
0.87                                    25.6185998
0.88                                    27.0230431
0.89                                    25.8434441
0.9                                     25.7327794
0.91                                    25.1659503
0.92                                    26.4595337
0.93                                    27.5757514
0.94                                    28.8201182
0.95                                    26.847574
0.96                                    29.000142
0.97                                    28.839775
0.98                                    28.616305
0.99                                    32.3111876
1.0                                     37.4101474
