DeePore output results including 15 single-value
paramters, 4 functions and 11 distributions
__________________________________________________
        ### Single-value parameters ###
__________________________________________________

Properties                              Value
--------------------------------------------------
Absolute Permeability (um2)             0.3114829
Formation Factor (ratio)                4.4216312
Cementation Factor (ratio)              1.9249517
pore density (1/um3)                    0.0013251
Tortuosity (ratio)                      1.2832421
Average Coordination Number             4.3868757
Average Throat Radius (um)              2.5560609
Average Pore Radius (um)                3.4915835
Average Throat Length (um)              9.4388666
Pore to Throat Aspect ratio             8.3008292
Specific Surface (1/um)                 0.0002813
Pore Sphericity (ratio)                 5.56333
Grain Sphericity (ratio)                0.788154
Average Grain Radius (um)               3.6574763
Relative Young Module (ratio)           0.0887178

__________________________________________________
       ### Functions and distributions ###
__________________________________________________


# Leveret J Function (ratio)
--------------------------------------------------
Wetting-sat (Sw)                        Value
--------------------------------------------------
0.01                                    2.563663
0.02                                    2.3871074
0.03                                    2.2239533
0.04                                    2.4071775
0.05                                    2.2381892
0.06                                    2.1929395
0.07                                    2.1795577
0.08                                    2.0452719
0.09                                    2.2010243
0.1                                     2.0232374
0.11                                    2.0433566
0.12                                    1.8633151
0.13                                    2.1213722
0.14                                    2.0232226
0.15                                    2.0663381
0.16                                    1.84676
0.17                                    1.8857062
0.18                                    1.8453692
0.19                                    2.0025806
0.2                                     1.9527686
0.21                                    1.8486036
0.22                                    1.9417456
0.23                                    1.7815836
0.24                                    1.9472693
0.25                                    1.6884813
0.26                                    1.8999155
0.27                                    1.5301428
0.28                                    1.8495362
0.29                                    1.7338924
0.3                                     1.9051525
0.31                                    1.7614343
0.32                                    1.8266156
0.33                                    1.8389888
0.34                                    1.6501356
0.35                                    1.8220904
0.36                                    1.7880468
0.37                                    1.7575848
0.38                                    1.6274242
0.39                                    1.7155087
0.4                                     1.6757886
0.41                                    1.7703299
0.42                                    2.0412984
0.43                                    1.8733613
0.44                                    1.8089646
0.45                                    1.8746429
0.46                                    1.6164846
0.47                                    1.7778974
0.48                                    1.6842483
0.49                                    1.8397583
0.5                                     1.6855276
0.51                                    1.84585
0.52                                    1.5900146
0.53                                    1.5359585
0.54                                    1.6492704
0.55                                    1.7831595
0.56                                    1.68006
0.57                                    1.6659781
0.58                                    1.676417
0.59                                    1.6796183
0.6                                     1.6618126
0.61                                    1.6551036
0.62                                    1.7011851
0.63                                    1.659657
0.64                                    1.7549725
0.65                                    1.6405585
0.66                                    1.6184913
0.67                                    1.7786936
0.68                                    1.5878146
0.69                                    1.7538931
0.7                                     1.7928002
0.71                                    1.5391555
0.72                                    1.7304241
0.73                                    1.6636458
0.74                                    1.7365952
0.75                                    1.5358945
0.76                                    1.4747001
0.77                                    1.7282398
0.78                                    1.7391934
0.79                                    1.5325973
0.8                                     1.6511785
0.81                                    1.3892427
0.82                                    1.667123
0.83                                    1.4526746
0.84                                    1.4459358
0.85                                    1.6391199
0.86                                    1.640556
0.87                                    1.4850578
0.88                                    1.4184168
0.89                                    1.517941
0.9                                     1.5122631
0.91                                    1.5825601
0.92                                    1.4853296
0.93                                    1.6269558
0.94                                    1.8027575
0.95                                    1.6583943
0.96                                    1.4420493
0.97                                    1.550165
0.98                                    1.434052
0.99                                    1.464734
1.0                                     1.2270699


# Wetting Relative Permeability (fraction)
--------------------------------------------------
Wetting-sat (Sw)                        Value
--------------------------------------------------
0.01                                    0.0209187
0.02                                    0.0220518
0.03                                    0.034877
0.04                                    0.0299381
0.05                                    0.0236235
0.06                                    0.0226657
0.07                                    0.0276722
0.08                                    0.0188917
0.09                                    0.0186685
0.1                                     0.030297
0.11                                    0.0296867
0.12                                    0.0205708
0.13                                    0.0295067
0.14                                    0.0279483
0.15                                    0.0289689
0.16                                    0.0236951
0.17                                    0.0240547
0.18                                    0.023731
0.19                                    0.0388293
0.2                                     0.020558
0.21                                    0.0195043
0.22                                    0.0437235
0.23                                    0.0439602
0.24                                    0.0339987
0.25                                    0.0214888
0.26                                    0.0334902
0.27                                    0.0406501
0.28                                    0.0513289
0.29                                    0.0455672
0.3                                     0.0611035
0.31                                    0.0538367
0.32                                    0.0601775
0.33                                    0.0805044
0.34                                    0.0877306
0.35                                    0.085648
0.36                                    0.0824915
0.37                                    0.0952823
0.38                                    0.0880993
0.39                                    0.1161996
0.4                                     0.0997378
0.41                                    0.1244627
0.42                                    0.1002426
0.43                                    0.1107204
0.44                                    0.110865
0.45                                    0.1152575
0.46                                    0.1272153
0.47                                    0.1148198
0.48                                    0.1128972
0.49                                    0.1240008
0.5                                     0.1667865
0.51                                    0.1360436
0.52                                    0.1567172
0.53                                    0.1433164
0.54                                    0.1566654
0.55                                    0.1710667
0.56                                    0.173962
0.57                                    0.1615153
0.58                                    0.1842869
0.59                                    0.174509
0.6                                     0.1844873
0.61                                    0.1774213
0.62                                    0.2113626
0.63                                    0.2078855
0.64                                    0.2150808
0.65                                    0.2203024
0.66                                    0.2317606
0.67                                    0.2328251
0.68                                    0.2452987
0.69                                    0.2789995
0.7                                     0.2434025
0.71                                    0.2512909
0.72                                    0.2522508
0.73                                    0.2940317
0.74                                    0.2829635
0.75                                    0.2863237
0.76                                    0.2929717
0.77                                    0.3138672
0.78                                    0.3323659
0.79                                    0.3199904
0.8                                     0.3140201
0.81                                    0.3375552
0.82                                    0.321329
0.83                                    0.3287897
0.84                                    0.3748541
0.85                                    0.3772616
0.86                                    0.3937462
0.87                                    0.4263577
0.88                                    0.443691
0.89                                    0.4425563
0.9                                     0.4370759
0.91                                    0.4513587
0.92                                    0.493708
0.93                                    0.4565537
0.94                                    0.4740856
0.95                                    0.5063134
0.96                                    0.5172989
0.97                                    0.5837106
0.98                                    0.6268314
0.99                                    0.5963793
1.0                                     0.9734643


# Non-Wetting Relative Permeability (fraction)
--------------------------------------------------
Wetting-sat (Sw)                        Value
--------------------------------------------------
0.01                                    0.9703499
0.02                                    0.9007254
0.03                                    0.8550441
0.04                                    0.8270851
0.05                                    0.824106
0.06                                    0.7957024
0.07                                    0.7903408
0.08                                    0.8179477
0.09                                    0.7861481
0.1                                     0.7710908
0.11                                    0.7670497
0.12                                    0.7405496
0.13                                    0.7476176
0.14                                    0.7090146
0.15                                    0.7142485
0.16                                    0.7138674
0.17                                    0.716997
0.18                                    0.737824
0.19                                    0.7383896
0.2                                     0.6863554
0.21                                    0.6904171
0.22                                    0.6965799
0.23                                    0.691182
0.24                                    0.6667506
0.25                                    0.6815965
0.26                                    0.6407415
0.27                                    0.6608403
0.28                                    0.6448673
0.29                                    0.6130239
0.3                                     0.6417706
0.31                                    0.6194291
0.32                                    0.6202217
0.33                                    0.6540222
0.34                                    0.6184821
0.35                                    0.5998427
0.36                                    0.5820391
0.37                                    0.6196414
0.38                                    0.5871845
0.39                                    0.5719751
0.4                                     0.5869977
0.41                                    0.5714182
0.42                                    0.5726858
0.43                                    0.5925449
0.44                                    0.5365822
0.45                                    0.5590593
0.46                                    0.5531423
0.47                                    0.5571886
0.48                                    0.5385976
0.49                                    0.5372334
0.5                                     0.5517064
0.51                                    0.5547628
0.52                                    0.5255433
0.53                                    0.5509083
0.54                                    0.5435255
0.55                                    0.5192908
0.56                                    0.5187223
0.57                                    0.5298983
0.58                                    0.4917809
0.59                                    0.5249485
0.6                                     0.5244732
0.61                                    0.5188913
0.62                                    0.5149242
0.63                                    0.5106679
0.64                                    0.5191441
0.65                                    0.5024174
0.66                                    0.5064518
0.67                                    0.4847648
0.68                                    0.4794969
0.69                                    0.4790376
0.7                                     0.467452
0.71                                    0.4651314
0.72                                    0.4362507
0.73                                    0.4423787
0.74                                    0.3980644
0.75                                    0.3896526
0.76                                    0.3978458
0.77                                    0.4265796
0.78                                    0.3930431
0.79                                    0.4013786
0.8                                     0.3606157
0.81                                    0.3678832
0.82                                    0.3626824
0.83                                    0.3421772
0.84                                    0.3280297
0.85                                    0.3142848
0.86                                    0.2943003
0.87                                    0.3129998
0.88                                    0.2918198
0.89                                    0.295543
0.9                                     0.2585385
0.91                                    0.2824318
0.92                                    0.2425433
0.93                                    0.2143236
0.94                                    0.1876169
0.95                                    0.2437552
0.96                                    0.1896521
0.97                                    0.1611134
0.98                                    0.1259267
0.99                                    0.1240306
1.0                                     0.019675


# Two-point Correlation Function (1/um)
--------------------------------------------------
lag (px)                                Value
--------------------------------------------------
0.5                                     0.4565135
1.0                                     0.4531479
1.5                                     0.4388675
2.0                                     0.4381232
2.5                                     0.4382885
3.0                                     0.4275625
3.5                                     0.4320238
4.0                                     0.4183683
4.5                                     0.4112189
5.0                                     0.4170596
5.5                                     0.4046519
6.0                                     0.4070723
6.5                                     0.4103409
7.0                                     0.4021374
7.5                                     0.3954697
8.0                                     0.3982433
8.5                                     0.3947522
9.0                                     0.3918028
9.5                                     0.388541
10.0                                    0.3823705
10.5                                    0.3805196
11.0                                    0.376272
11.5                                    0.3569307
12.0                                    0.3759255
12.5                                    0.3692862
13.0                                    0.3687213
13.5                                    0.3602053
14.0                                    0.3591466
14.5                                    0.3652221
15.0                                    0.3532172
15.5                                    0.3605065
16.0                                    0.3664657
16.5                                    0.3664128
17.0                                    0.3444097
17.5                                    0.3510928
18.0                                    0.3394822
18.5                                    0.3511805
19.0                                    0.3363912
19.5                                    0.3451713
20.0                                    0.3421299
20.5                                    0.3433172
21.0                                    0.3599629
21.5                                    0.3430247
22.0                                    0.3403879
22.5                                    0.346335
23.0                                    0.3397533
23.5                                    0.3218613
24.0                                    0.3415246
24.5                                    0.3324262
25.0                                    0.3246028
25.5                                    0.3268597
26.0                                    0.3334553
26.5                                    0.3196545
27.0                                    0.3352838
27.5                                    0.3332137
28.0                                    0.3234116
28.5                                    0.3191986
29.0                                    0.3271153
29.5                                    0.3313719
30.0                                    0.3136479
30.5                                    0.3205083
31.0                                    0.3298191
31.5                                    0.3114851
32.0                                    0.3122397
32.5                                    0.3268004
33.0                                    0.3278345
33.5                                    0.3286076
34.0                                    0.3247058
34.5                                    0.3166961
35.0                                    0.3185204
35.5                                    0.3053265
36.0                                    0.3174322
36.5                                    0.3263174
37.0                                    0.3118965
37.5                                    0.3162843
38.0                                    0.3230065
38.5                                    0.3061801
39.0                                    0.3168625
39.5                                    0.297324
40.0                                    0.3037399
40.5                                    0.306977
41.0                                    0.318843
41.5                                    0.315396
42.0                                    0.3200037
42.5                                    0.3151591
43.0                                    0.3161382
43.5                                    0.2948782
44.0                                    0.3018463
44.5                                    0.3094076
45.0                                    0.3216637
45.5                                    0.3158389
46.0                                    0.3253918
46.5                                    0.3205491
47.0                                    0.3206489
47.5                                    0.3118145
48.0                                    0.3111126
48.5                                    0.2987125
49.0                                    0.2992975
49.5                                    0.3217666
50.0                                    0.3192512


# Pore Radius Distribution (um)
--------------------------------------------------
Cumulative probability                  Value
--------------------------------------------------
0.01                                    6.4272423
0.02                                    7.013644
0.03                                    7.5146857
0.04                                    9.158014
0.05                                    10.2409989
0.06                                    10.4465969
0.07                                    12.0212398
0.08                                    12.0166518
0.09                                    11.7091491
0.1                                     11.7447751
0.11                                    11.4996667
0.12                                    13.2456661
0.13                                    12.2441871
0.14                                    13.7236106
0.15                                    14.2266959
0.16                                    14.8706263
0.17                                    12.705975
0.18                                    12.98899
0.19                                    13.7105145
0.2                                     14.5971176
0.21                                    14.7208768
0.22                                    14.4248886
0.23                                    14.556366
0.24                                    16.0655293
0.25                                    14.6581972
0.26                                    14.8744896
0.27                                    14.5572458
0.28                                    15.1068284
0.29                                    14.0242656
0.3                                     17.0091892
0.31                                    16.4024755
0.32                                    17.3054094
0.33                                    14.6450121
0.34                                    15.2736988
0.35                                    15.8248878
0.36                                    16.2200916
0.37                                    18.080788
0.38                                    17.2554177
0.39                                    16.5283594
0.4                                     17.9064223
0.41                                    17.2973564
0.42                                    16.8884281
0.43                                    17.1132221
0.44                                    17.9595296
0.45                                    17.5058645
0.46                                    17.5229541
0.47                                    16.4663275
0.48                                    18.3630085
0.49                                    19.7998869
0.5                                     17.9040591
0.51                                    19.0373375
0.52                                    17.8960207
0.53                                    18.0185322
0.54                                    17.7232514
0.55                                    20.1401449
0.56                                    18.8936814
0.57                                    19.2128462
0.58                                    19.6343688
0.59                                    18.1141085
0.6                                     19.5937384
0.61                                    18.7110205
0.62                                    19.3300899
0.63                                    19.6643389
0.64                                    20.4123069
0.65                                    19.4293964
0.66                                    18.7049142
0.67                                    20.5534181
0.68                                    19.1831238
0.69                                    20.8017897
0.7                                     21.3398111
0.71                                    19.6284974
0.72                                    20.0005089
0.73                                    21.835525
0.74                                    21.252565
0.75                                    20.9264773
0.76                                    20.9195692
0.77                                    24.3275493
0.78                                    22.5501376
0.79                                    20.6696784
0.8                                     21.3380166
0.81                                    20.7749297
0.82                                    22.2946506
0.83                                    22.8128283
0.84                                    23.389548
0.85                                    23.9734511
0.86                                    22.5828416
0.87                                    22.6446864
0.88                                    22.6444919
0.89                                    22.0517247
0.9                                     24.0130779
0.91                                    24.7395527
0.92                                    25.5883795
0.93                                    23.0327986
0.94                                    24.1991498
0.95                                    26.5659158
0.96                                    24.8735301
0.97                                    25.2475582
0.98                                    28.0388706
0.99                                    28.978413
1.0                                     36.5496034


# Throat Radius Distribution (um)
--------------------------------------------------
Cumulative probability                  Value
--------------------------------------------------
0.01                                    3.6801189
0.02                                    5.1491255
0.03                                    5.0502776
0.04                                    5.6272106
0.05                                    6.9572908
0.06                                    5.9288978
0.07                                    7.594282
0.08                                    7.2743655
0.09                                    8.4173531
0.1                                     7.7717261
0.11                                    8.7277409
0.12                                    8.2562309
0.13                                    10.2400233
0.14                                    9.5432164
0.15                                    11.0456083
0.16                                    11.2329607
0.17                                    9.7612845
0.18                                    10.7717501
0.19                                    12.0352682
0.2                                     11.7066232
0.21                                    11.9933854
0.22                                    12.4128592
0.23                                    14.2061519
0.24                                    11.7010276
0.25                                    11.2051508
0.26                                    12.5666273
0.27                                    12.0523295
0.28                                    13.1386225
0.29                                    13.086649
0.3                                     13.4672001
0.31                                    10.9970864
0.32                                    14.2010869
0.33                                    14.4090203
0.34                                    15.3442444
0.35                                    13.5266037
0.36                                    15.5506972
0.37                                    14.0785279
0.38                                    14.4799315
0.39                                    13.8975573
0.4                                     13.9375159
0.41                                    14.9119789
0.42                                    15.358658
0.43                                    15.0542608
0.44                                    14.8481908
0.45                                    16.6393843
0.46                                    16.8038514
0.47                                    16.9690634
0.48                                    15.7587748
0.49                                    16.9015692
0.5                                     16.8430051
0.51                                    17.0559905
0.52                                    17.8742792
0.53                                    19.0745501
0.54                                    15.8795847
0.55                                    17.8012202
0.56                                    17.5227359
0.57                                    16.7264217
0.58                                    18.1691509
0.59                                    18.9099202
0.6                                     18.7222768
0.61                                    19.0140619
0.62                                    19.6717338
0.63                                    19.0940166
0.64                                    17.2921746
0.65                                    18.2156065
0.66                                    17.131539
0.67                                    19.3430654
0.68                                    19.6039943
0.69                                    18.6902788
0.7                                     19.4181067
0.71                                    19.3497327
0.72                                    18.5384836
0.73                                    20.1976591
0.74                                    20.1942169
0.75                                    19.7988834
0.76                                    20.9744993
0.77                                    21.8595205
0.78                                    19.730062
0.79                                    19.4285886
0.8                                     20.9998693
0.81                                    21.3200755
0.82                                    20.2250487
0.83                                    21.718649
0.84                                    22.3294929
0.85                                    21.4192308
0.86                                    21.8806472
0.87                                    22.5629723
0.88                                    20.8653524
0.89                                    24.4873555
0.9                                     22.9211342
0.91                                    23.38913
0.92                                    25.0235007
0.93                                    24.5877912
0.94                                    24.8048719
0.95                                    25.9387267
0.96                                    24.0633146
0.97                                    26.0503986
0.98                                    24.5921393
0.99                                    29.5881475
1.0                                     36.9158632


# Throat Lenght Distribution (um)
--------------------------------------------------
Cumulative probability                  Value
--------------------------------------------------
0.01                                    23.0095148
0.02                                    24.6419247
0.03                                    26.4006436
0.04                                    27.551164
0.05                                    31.1310857
0.06                                    28.2733451
0.07                                    31.533339
0.08                                    32.1890449
0.09                                    30.5972916
0.1                                     30.4683387
0.11                                    36.2774036
0.12                                    34.3925308
0.13                                    35.2167426
0.14                                    33.6830986
0.15                                    34.6812447
0.16                                    34.8201599
0.17                                    37.6028271
0.18                                    35.7428394
0.19                                    34.3827217
0.2                                     37.7235961
0.21                                    36.4215152
0.22                                    36.8451092
0.23                                    36.8878071
0.24                                    37.7446883
0.25                                    38.4800594
0.26                                    36.6435654
0.27                                    34.5953293
0.28                                    38.3160045
0.29                                    39.551076
0.3                                     41.1227618
0.31                                    40.0105752
0.32                                    37.7002555
0.33                                    37.5051462
0.34                                    40.6607989
0.35                                    41.8000816
0.36                                    38.5168279
0.37                                    42.280433
0.38                                    40.2828116
0.39                                    39.0387343
0.4                                     42.6901083
0.41                                    44.6120768
0.42                                    40.431894
0.43                                    40.190886
0.44                                    42.4205344
0.45                                    44.5110337
0.46                                    44.6128884
0.47                                    44.5007194
0.48                                    40.6796345
0.49                                    39.863207
0.5                                     45.784091
0.51                                    45.977188
0.52                                    46.5361983
0.53                                    47.1690315
0.54                                    43.8680602
0.55                                    42.5512325
0.56                                    46.5444671
0.57                                    44.45615
0.58                                    45.3189274
0.59                                    45.3826057
0.6                                     48.1772352
0.61                                    49.4676209
0.62                                    45.5687548
0.63                                    44.3371242
0.64                                    47.4793076
0.65                                    48.9230157
0.66                                    51.0821703
0.67                                    50.2395742
0.68                                    49.5860794
0.69                                    48.4558688
0.7                                     48.6788692
0.71                                    50.7096403
0.72                                    50.2058366
0.73                                    47.2096011
0.74                                    53.3474527
0.75                                    49.7917307
0.76                                    50.433491
0.77                                    49.4649419
0.78                                    54.3558592
0.79                                    49.9983965
0.8                                     51.6850669
0.81                                    53.1659535
0.82                                    53.1536228
0.83                                    50.5644624
0.84                                    50.4911821
0.85                                    51.2978253
0.86                                    56.542408
0.87                                    53.6073583
0.88                                    56.9461085
0.89                                    58.3774528
0.9                                     55.3912998
0.91                                    55.1840336
0.92                                    57.8575132
0.93                                    58.6782966
0.94                                    59.836005
0.95                                    65.0263582
0.96                                    60.2086551
0.97                                    63.7368627
0.98                                    62.9959474
0.99                                    70.2510661
1.0                                     82.0498587


# Pore Inscribed Radius Distribution (um)
--------------------------------------------------
Cumulative probability                  Value
--------------------------------------------------
0.01                                    6.1397223
0.02                                    8.6436021
0.03                                    11.1301419
0.04                                    12.0740696
0.05                                    12.3719227
0.06                                    11.643214
0.07                                    13.9520234
0.08                                    12.8226671
0.09                                    13.819282
0.1                                     13.5015974
0.11                                    13.3958901
0.12                                    14.1919591
0.13                                    14.4394371
0.14                                    13.9708755
0.15                                    14.1880813
0.16                                    14.8493374
0.17                                    14.3565512
0.18                                    16.1461971
0.19                                    15.5458563
0.2                                     14.5559244
0.21                                    18.0523491
0.22                                    14.1927517
0.23                                    16.3697212
0.24                                    15.654208
0.25                                    16.496657
0.26                                    16.1523998
0.27                                    17.0197848
0.28                                    16.2354869
0.29                                    15.4097833
0.3                                     16.3121641
0.31                                    16.7872605
0.32                                    16.4598687
0.33                                    15.5902735
0.34                                    16.384479
0.35                                    17.2630777
0.36                                    15.5274913
0.37                                    16.4921047
0.38                                    18.5335301
0.39                                    17.7644403
0.4                                     16.8155623
0.41                                    18.5314466
0.42                                    16.503488
0.43                                    16.5372084
0.44                                    16.1966801
0.45                                    17.5608581
0.46                                    18.0584868
0.47                                    17.5021677
0.48                                    17.69406
0.49                                    17.486458
0.5                                     18.5856566
0.51                                    17.5426728
0.52                                    18.5334052
0.53                                    17.7212661
0.54                                    19.3966093
0.55                                    18.0697914
0.56                                    19.1982899
0.57                                    18.2245034
0.58                                    16.5051761
0.59                                    19.0158497
0.6                                     19.0415817
0.61                                    19.511025
0.62                                    18.574614
0.63                                    18.3559436
0.64                                    18.7471483
0.65                                    20.0734971
0.66                                    18.2443459
0.67                                    19.4751354
0.68                                    20.0491211
0.69                                    18.6966825
0.7                                     18.9760054
0.71                                    20.5520759
0.72                                    20.1858669
0.73                                    19.5987585
0.74                                    19.4821993
0.75                                    20.7189913
0.76                                    18.6323817
0.77                                    20.3243556
0.78                                    19.2819299
0.79                                    20.9759737
0.8                                     20.9848079
0.81                                    19.9086618
0.82                                    21.9385396
0.83                                    21.6740823
0.84                                    21.7236493
0.85                                    22.0938902
0.86                                    21.7215161
0.87                                    21.2148086
0.88                                    20.7013607
0.89                                    21.2057348
0.9                                     20.5143682
0.91                                    23.3880406
0.92                                    23.7139875
0.93                                    22.5676187
0.94                                    24.1609209
0.95                                    23.5668838
0.96                                    24.0980428
0.97                                    22.4613643
0.98                                    23.6083888
0.99                                    27.0555641
1.0                                     32.4386501


# Throat Inscribed Radius Distribution (um)
--------------------------------------------------
Cumulative probability                  Value
--------------------------------------------------
0.01                                    2.2119912
0.02                                    3.1525175
0.03                                    3.7571161
0.04                                    5.5378035
0.05                                    6.0101444
0.06                                    6.4953317
0.07                                    5.9779118
0.08                                    7.3559833
0.09                                    7.6882814
0.1                                     7.6999376
0.11                                    8.6341725
0.12                                    8.7002047
0.13                                    8.8955107
0.14                                    9.0123774
0.15                                    9.6287955
0.16                                    9.7942633
0.17                                    11.2222807
0.18                                    9.4059089
0.19                                    9.7543814
0.2                                     10.4331607
0.21                                    9.8077292
0.22                                    10.5884391
0.23                                    11.3459953
0.24                                    10.5525305
0.25                                    11.1964998
0.26                                    11.0286935
0.27                                    12.5184052
0.28                                    11.0990237
0.29                                    11.7426873
0.3                                     12.0272315
0.31                                    11.3297178
0.32                                    11.3769302
0.33                                    11.1734227
0.34                                    11.5976389
0.35                                    13.2541842
0.36                                    13.4588331
0.37                                    12.3548297
0.38                                    12.9389152
0.39                                    11.7061178
0.4                                     13.025617
0.41                                    11.7977059
0.42                                    12.4469106
0.43                                    12.9630423
0.44                                    12.439997
0.45                                    13.5031845
0.46                                    13.7822303
0.47                                    12.7417316
0.48                                    14.3675277
0.49                                    12.9791279
0.5                                     14.6878708
0.51                                    13.216981
0.52                                    14.4784976
0.53                                    15.1438909
0.54                                    14.7806524
0.55                                    14.005832
0.56                                    14.7613581
0.57                                    14.2950611
0.58                                    14.369675
0.59                                    14.0584904
0.6                                     14.5702327
0.61                                    15.1884252
0.62                                    14.8360262
0.63                                    16.1974766
0.64                                    14.128563
0.65                                    14.0605293
0.66                                    14.5952938
0.67                                    13.8402787
0.68                                    15.0837738
0.69                                    14.4913826
0.7                                     15.6390514
0.71                                    16.1779261
0.72                                    15.7051751
0.73                                    14.7679355
0.74                                    16.2941109
0.75                                    15.4937603
0.76                                    15.0938772
0.77                                    15.5926978
0.78                                    15.1193327
0.79                                    16.0719218
0.8                                     16.4946211
0.81                                    16.4956067
0.82                                    16.6174552
0.83                                    17.3750514
0.84                                    17.0837793
0.85                                    16.5422557
0.86                                    18.2412193
0.87                                    16.2982658
0.88                                    18.021984
0.89                                    16.9150119
0.9                                     17.9273723
0.91                                    17.7316894
0.92                                    18.9091394
0.93                                    18.6956669
0.94                                    19.4114399
0.95                                    18.2028787
0.96                                    19.8722982
0.97                                    18.9509924
0.98                                    19.7162287
0.99                                    19.9512703
1.0                                     27.6880675


# Throat Average Distance (um)
--------------------------------------------------
Cumulative probability                  Value
--------------------------------------------------
0.01                                    1.7874247
0.02                                    2.0386815
0.03                                    2.7788825
0.04                                    2.7210687
0.05                                    2.9368719
0.06                                    3.6312337
0.07                                    3.285943
0.08                                    4.0234569
0.09                                    4.0509081
0.1                                     3.9606277
0.11                                    5.1946513
0.12                                    4.8943265
0.13                                    4.5852792
0.14                                    4.8485015
0.15                                    5.916487
0.16                                    5.0797259
0.17                                    6.258374
0.18                                    5.8109826
0.19                                    6.0483158
0.2                                     5.3102526
0.21                                    6.2123764
0.22                                    6.104841
0.23                                    6.6962893
0.24                                    6.3813929
0.25                                    5.9951153
0.26                                    7.5271992
0.27                                    6.7476021
0.28                                    7.0642068
0.29                                    6.2527655
0.3                                     6.959983
0.31                                    6.5546238
0.32                                    6.7452039
0.33                                    7.1859166
0.34                                    6.8023955
0.35                                    7.7033735
0.36                                    8.1173725
0.37                                    6.4050362
0.38                                    8.0425302
0.39                                    7.8322883
0.4                                     9.0087457
0.41                                    7.5588256
0.42                                    7.2244658
0.43                                    7.6455607
0.44                                    7.924953
0.45                                    6.724837
0.46                                    7.5735877
0.47                                    7.9997387
0.48                                    8.3523285
0.49                                    9.0469098
0.5                                     7.9089617
0.51                                    8.8042545
0.52                                    8.0709216
0.53                                    7.5283078
0.54                                    8.4321225
0.55                                    8.7112352
0.56                                    8.1839988
0.57                                    8.1818084
0.58                                    8.9445233
0.59                                    8.5823413
0.6                                     8.6656011
0.61                                    8.3468071
0.62                                    10.2456517
0.63                                    10.0278948
0.64                                    8.1361314
0.65                                    9.2570194
0.66                                    8.5213891
0.67                                    9.3506694
0.68                                    8.5128897
0.69                                    10.2802177
0.7                                     9.6458537
0.71                                    8.9428513
0.72                                    9.6144697
0.73                                    9.5237477
0.74                                    8.9352092
0.75                                    9.710597
0.76                                    11.116584
0.77                                    9.7971454
0.78                                    10.3224468
0.79                                    9.1364381
0.8                                     9.7992351
0.81                                    9.0727226
0.82                                    10.0446951
0.83                                    9.5367029
0.84                                    11.1990086
0.85                                    9.5139872
0.86                                    9.599971
0.87                                    9.8997816
0.88                                    10.4349118
0.89                                    10.8888409
0.9                                     11.2127597
0.91                                    11.3711032
0.92                                    10.4273411
0.93                                    11.5631985
0.94                                    12.101698
0.95                                    11.4009421
0.96                                    11.6207609
0.97                                    12.7036067
0.98                                    12.750652
0.99                                    14.4259722
1.0                                     18.5987702


# Throat Permeability Distribution (um2)
--------------------------------------------------
Cumulative probability                  Value
--------------------------------------------------
0.01                                    33.6869716
0.02                                    43.5478025
0.03                                    39.9045325
0.04                                    48.1934008
0.05                                    38.5337975
0.06                                    58.1514972
0.07                                    42.7969981
0.08                                    50.7381152
0.09                                    52.5445406
0.1                                     53.6887761
0.11                                    50.7732021
0.12                                    42.4910111
0.13                                    52.0639097
0.14                                    41.4666256
0.15                                    41.451834
0.16                                    51.2191801
0.17                                    42.5302356
0.18                                    45.2199015
0.19                                    49.0394743
0.2                                     49.4635847
0.21                                    37.5671958
0.22                                    44.1839039
0.23                                    54.6549277
0.24                                    63.6509554
0.25                                    42.5044718
0.26                                    49.5330096
0.27                                    65.2348195
0.28                                    54.402825
0.29                                    43.209249
0.3                                     70.2174892
0.31                                    44.3957727
0.32                                    71.6597709
0.33                                    85.3573291
0.34                                    64.7072484
0.35                                    40.0429547
0.36                                    51.4016972
0.37                                    69.9647435
0.38                                    75.2688541
0.39                                    45.6714701
0.4                                     48.5490991
0.41                                    69.1332141
0.42                                    82.3354269
0.43                                    65.1442762
0.44                                    77.2070533
0.45                                    82.7724933
0.46                                    93.0663462
0.47                                    73.3716314
0.48                                    87.2193362
0.49                                    70.1711696
0.5                                     81.1246342
0.51                                    72.1807001
0.52                                    69.2949022
0.53                                    69.9626474
0.54                                    69.1753159
0.55                                    97.4104552
0.56                                    101.0329829
0.57                                    95.8403893
0.58                                    87.8086197
0.59                                    70.5879373
0.6                                     107.0908876
0.61                                    92.3762256
0.62                                    73.5910969
0.63                                    110.5758064
0.64                                    86.2767784
0.65                                    109.7082192
0.66                                    102.1909747
0.67                                    115.440941
0.68                                    77.8199081
0.69                                    133.4354911
0.7                                     121.3828215
0.71                                    100.516696
0.72                                    142.6767803
0.73                                    103.9028673
0.74                                    89.1164625
0.75                                    121.7923558
0.76                                    128.0008895
0.77                                    142.5329219
0.78                                    132.9984376
0.79                                    121.7973324
0.8                                     104.5825397
0.81                                    191.3176968
0.82                                    157.9756206
0.83                                    142.7961544
0.84                                    149.399074
0.85                                    175.2288502
0.86                                    155.4413995
0.87                                    166.5291488
0.88                                    165.4228005
0.89                                    171.2905849
0.9                                     165.7710853
0.91                                    173.8941826
0.92                                    195.1360608
0.93                                    196.8792725
0.94                                    213.983847
0.95                                    244.5916223
0.96                                    232.2627449
0.97                                    254.7150299
0.98                                    254.4732469
0.99                                    357.3606605
1.0                                     632.5260362


# Coordination Number Distribution
--------------------------------------------------
Cumulative probability                  Value
--------------------------------------------------
0.01                                    2.8556776
0.02                                    3.8495247
0.03                                    7.3424417
0.04                                    7.9827368
0.05                                    9.8162791
0.06                                    7.8732391
0.07                                    11.2980232
0.08                                    9.8769365
0.09                                    12.3844799
0.1                                     10.967101
0.11                                    10.3808454
0.12                                    10.8748186
0.13                                    9.9522113
0.14                                    11.1079305
0.15                                    10.2625415
0.16                                    9.3171881
0.17                                    11.3724708
0.18                                    11.0150934
0.19                                    12.9608747
0.2                                     10.9484072
0.21                                    10.7141308
0.22                                    11.9650533
0.23                                    12.8899523
0.24                                    11.5950403
0.25                                    11.3144332
0.26                                    11.9103173
0.27                                    11.3950624
0.28                                    12.1143396
0.29                                    12.5203253
0.3                                     13.645868
0.31                                    14.1734481
0.32                                    11.6305253
0.33                                    13.1225449
0.34                                    13.0918778
0.35                                    13.363609
0.36                                    14.9420947
0.37                                    17.0810431
0.38                                    13.5664973
0.39                                    15.1925173
0.4                                     14.3030631
0.41                                    14.4680495
0.42                                    14.1298155
0.43                                    17.3328623
0.44                                    15.0818698
0.45                                    13.7420152
0.46                                    13.0358148
0.47                                    15.0758617
0.48                                    15.6340919
0.49                                    13.6700126
0.5                                     14.4999507
0.51                                    16.1114375
0.52                                    13.9072558
0.53                                    17.7912526
0.54                                    16.0325837
0.55                                    14.0242926
0.56                                    14.3637583
0.57                                    16.1206603
0.58                                    17.0223872
0.59                                    17.4156347
0.6                                     16.411728
0.61                                    15.4074205
0.62                                    16.2241475
0.63                                    16.7382661
0.64                                    14.600349
0.65                                    16.2478474
0.66                                    15.3264993
0.67                                    16.2313811
0.68                                    19.0864713
0.69                                    18.6343847
0.7                                     16.9874019
0.71                                    19.58754
0.72                                    17.0718007
0.73                                    18.502293
0.74                                    17.0929517
0.75                                    18.2091249
0.76                                    17.7245945
0.77                                    17.343252
0.78                                    18.4799213
0.79                                    18.6565352
0.8                                     19.0426944
0.81                                    19.7550887
0.82                                    20.504389
0.83                                    18.6932776
0.84                                    19.86508
0.85                                    20.4363551
0.86                                    20.5565175
0.87                                    21.693948
0.88                                    19.8118763
0.89                                    21.6196666
0.9                                     21.441568
0.91                                    21.1316221
0.92                                    22.5350518
0.93                                    23.890769
0.94                                    24.9423491
0.95                                    20.454515
0.96                                    23.9763774
0.97                                    24.7441553
0.98                                    23.2152736
0.99                                    27.9441987
1.0                                     36.7322499


# Pore Sphericity Distribution (ratio)
--------------------------------------------------
Cumulative probability                  Value
--------------------------------------------------
0.01                                    0.5746911
0.02                                    0.6103091
0.03                                    0.61381
0.04                                    0.6192221
0.05                                    0.646918
0.06                                    0.6538003
0.07                                    0.6772203
0.08                                    0.6505141
0.09                                    0.6868012
0.1                                     0.6677836
0.11                                    0.6831719
0.12                                    0.6799519
0.13                                    0.6821031
0.14                                    0.7015488
0.15                                    0.697569
0.16                                    0.7162198
0.17                                    0.7034374
0.18                                    0.7012555
0.19                                    0.7343932
0.2                                     0.7076234
0.21                                    0.7112599
0.22                                    0.7292961
0.23                                    0.7274281
0.24                                    0.7389876
0.25                                    0.7378227
0.26                                    0.7278515
0.27                                    0.7339551
0.28                                    0.7422226
0.29                                    0.7499008
0.3                                     0.7457421
0.31                                    0.7588759
0.32                                    0.7497149
0.33                                    0.7601154
0.34                                    0.7410362
0.35                                    0.7619239
0.36                                    0.762971
0.37                                    0.7578755
0.38                                    0.756215
0.39                                    0.7510414
0.4                                     0.755555
0.41                                    0.7680152
0.42                                    0.7644357
0.43                                    0.7657708
0.44                                    0.7616484
0.45                                    0.773078
0.46                                    0.7612478
0.47                                    0.7868258
0.48                                    0.7702241
0.49                                    0.7700953
0.5                                     0.7631647
0.51                                    0.7904567
0.52                                    0.7452877
0.53                                    0.7791973
0.54                                    0.7711137
0.55                                    0.7746187
0.56                                    0.7607359
0.57                                    0.7866176
0.58                                    0.7823707
0.59                                    0.7702198
0.6                                     0.7692034
0.61                                    0.79504
0.62                                    0.7946625
0.63                                    0.7816969
0.64                                    0.8031185
0.65                                    0.7955018
0.66                                    0.8023714
0.67                                    0.8030201
0.68                                    0.8066255
0.69                                    0.7985374
0.7                                     0.8157083
0.71                                    0.8143432
0.72                                    0.8142219
0.73                                    0.792299
0.74                                    0.8121926
0.75                                    0.8136585
0.76                                    0.8073069
0.77                                    0.8336961
0.78                                    0.8187581
0.79                                    0.8221506
0.8                                     0.818687
0.81                                    0.8090975
0.82                                    0.8343021
0.83                                    0.8441839
0.84                                    0.8601972
0.85                                    0.8444506
0.86                                    0.8522842
0.87                                    0.8489488
0.88                                    0.8490848
0.89                                    0.8393522
0.9                                     0.8589952
0.91                                    0.8645181
0.92                                    0.8830256
0.93                                    0.865147
0.94                                    0.8914431
0.95                                    0.8926449
0.96                                    0.9065003
0.97                                    0.9185283
0.98                                    0.9360694
0.99                                    0.9423846
1.0                                     0.9640224


# Grain Sphericity Distribution (ratio)
--------------------------------------------------
Cumulative probability                  Value
--------------------------------------------------
0.01                                    0.5338656
0.02                                    0.5731325
0.03                                    0.5853987
0.04                                    0.6006948
0.05                                    0.5856686
0.06                                    0.6027215
0.07                                    0.6233217
0.08                                    0.6301546
0.09                                    0.6340351
0.1                                     0.6464699
0.11                                    0.6325428
0.12                                    0.6393153
0.13                                    0.6527776
0.14                                    0.6511177
0.15                                    0.67537
0.16                                    0.6579703
0.17                                    0.6412732
0.18                                    0.6512371
0.19                                    0.6757495
0.2                                     0.6621922
0.21                                    0.6765695
0.22                                    0.6864883
0.23                                    0.6632545
0.24                                    0.6678246
0.25                                    0.6900049
0.26                                    0.6944315
0.27                                    0.6837791
0.28                                    0.6851536
0.29                                    0.6902638
0.3                                     0.6882744
0.31                                    0.6828072
0.32                                    0.6964011
0.33                                    0.6776005
0.34                                    0.6926423
0.35                                    0.6968966
0.36                                    0.7057486
0.37                                    0.725496
0.38                                    0.6898875
0.39                                    0.7089406
0.4                                     0.7222489
0.41                                    0.7009553
0.42                                    0.6912323
0.43                                    0.7147121
0.44                                    0.7224493
0.45                                    0.7169448
0.46                                    0.7110531
0.47                                    0.7332673
0.48                                    0.7278122
0.49                                    0.7157107
0.5                                     0.7291876
0.51                                    0.7001698
0.52                                    0.731083
0.53                                    0.7526906
0.54                                    0.7436336
0.55                                    0.7364663
0.56                                    0.7403751
0.57                                    0.735774
0.58                                    0.7269219
0.59                                    0.7456596
0.6                                     0.7400265
0.61                                    0.7383655
0.62                                    0.7261113
0.63                                    0.7606204
0.64                                    0.752584
0.65                                    0.7529043
0.66                                    0.7349077
0.67                                    0.7581108
0.68                                    0.7477704
0.69                                    0.7467629
0.7                                     0.7480541
0.71                                    0.7472121
0.72                                    0.7676076
0.73                                    0.776095
0.74                                    0.7478881
0.75                                    0.7558556
0.76                                    0.7668577
0.77                                    0.7611901
0.78                                    0.7610732
0.79                                    0.7748688
0.8                                     0.7746985
0.81                                    0.7669984
0.82                                    0.7969097
0.83                                    0.8043046
0.84                                    0.7767281
0.85                                    0.780307
0.86                                    0.7720202
0.87                                    0.7876012
0.88                                    0.7733775
0.89                                    0.8032123
0.9                                     0.802355
0.91                                    0.7932324
0.92                                    0.8145217
0.93                                    0.8169678
0.94                                    0.8234228
0.95                                    0.825708
0.96                                    0.812804
0.97                                    0.8127746
0.98                                    0.8612649
0.99                                    0.8569104
1.0                                     0.9489829


# Grain Radius Distribution (um)
--------------------------------------------------
Cumulative probability                  Value
--------------------------------------------------
0.01                                    5.6448383
0.02                                    6.7545298
0.03                                    7.1709118
0.04                                    6.8530911
0.05                                    8.0627228
0.06                                    8.8009378
0.07                                    8.9102332
0.08                                    9.0582887
0.09                                    10.6369666
0.1                                     11.1837257
0.11                                    12.1403758
0.12                                    12.3741112
0.13                                    12.7276709
0.14                                    11.9081403
0.15                                    13.2696659
0.16                                    13.0622206
0.17                                    13.5003391
0.18                                    13.9402054
0.19                                    13.8001104
0.2                                     13.1480951
0.21                                    15.6107546
0.22                                    14.6840328
0.23                                    16.0021866
0.24                                    14.3116059
0.25                                    15.0032388
0.26                                    14.7702479
0.27                                    14.9111545
0.28                                    16.4621186
0.29                                    15.8508645
0.3                                     16.0616893
0.31                                    17.6813608
0.32                                    17.3850777
0.33                                    16.7704905
0.34                                    16.2782686
0.35                                    17.5217957
0.36                                    16.7557924
0.37                                    17.1010017
0.38                                    17.6798743
0.39                                    17.0918298
0.4                                     18.4833045
0.41                                    19.0746515
0.42                                    19.3899117
0.43                                    19.6979919
0.44                                    17.3456932
0.45                                    19.1868723
0.46                                    18.3354705
0.47                                    19.6721742
0.48                                    19.4804204
0.49                                    19.3249865
0.5                                     19.9475568
0.51                                    18.6712711
0.52                                    20.7150857
0.53                                    19.3714729
0.54                                    19.0593017
0.55                                    19.68025
0.56                                    20.5924763
0.57                                    20.7786903
0.58                                    20.5859114
0.59                                    23.6464706
0.6                                     20.6015077
0.61                                    23.4630124
0.62                                    22.5622805
0.63                                    21.40485
0.64                                    21.7876546
0.65                                    23.1093062
0.66                                    22.219395
0.67                                    22.4022991
0.68                                    23.6456554
0.69                                    25.7003247
0.7                                     24.1299442
0.71                                    23.083547
0.72                                    23.0715206
0.73                                    24.3117475
0.74                                    21.8811326
0.75                                    24.593988
0.76                                    24.7230573
0.77                                    25.698743
0.78                                    25.4445245
0.79                                    25.9458975
0.8                                     25.6736453
0.81                                    23.830749
0.82                                    27.0484947
0.83                                    27.6145696
0.84                                    26.5915517
0.85                                    27.2699901
0.86                                    27.7520797
0.87                                    27.8566029
0.88                                    26.2302371
0.89                                    26.9065202
0.9                                     27.8102642
0.91                                    29.1349036
0.92                                    28.1789528
0.93                                    27.6697079
0.94                                    29.1313496
0.95                                    29.868263
0.96                                    30.2843082
0.97                                    30.0351815
0.98                                    33.5447898
0.99                                    32.8516253
1.0                                     43.7507474
