DeePore output results including 15 single-value
paramters, 4 functions and 11 distributions
__________________________________________________
        ### Single-value parameters ###
__________________________________________________

Properties                              Value
--------------------------------------------------
Absolute Permeability (um2)             0.0142622
Formation Factor (ratio)                26.3346331
Cementation Factor (ratio)              2.2065701
pore density (1/um3)                    0.0014747
Tortuosity (ratio)                      1.4737588
Average Coordination Number             3.2977863
Average Throat Radius (um)              1.8744732
Average Pore Radius (um)                2.6704856
Average Throat Length (um)              7.6931958
Pore to Throat Aspect ratio             5.1981746
Specific Surface (1/um)                 0.0001663
Pore Sphericity (ratio)                 3.7997827
Grain Sphericity (ratio)                0.7773413
Average Grain Radius (um)               4.4014669
Relative Young Module (ratio)           0.2611828

__________________________________________________
       ### Functions and distributions ###
__________________________________________________


# Leveret J Function (ratio)
--------------------------------------------------
Wetting-sat (Sw)                        Value
--------------------------------------------------
0.01                                    1.3772631
0.02                                    1.3118693
0.03                                    1.356016
0.04                                    1.3261118
0.05                                    1.233026
0.06                                    1.3583427
0.07                                    1.3846019
0.08                                    1.2563919
0.09                                    1.2683417
0.1                                     1.2609792
0.11                                    1.2824438
0.12                                    1.1541056
0.13                                    1.2466253
0.14                                    1.2468035
0.15                                    1.208556
0.16                                    1.3039135
0.17                                    1.4434854
0.18                                    1.2608764
0.19                                    1.1203
0.2                                     1.1645712
0.21                                    1.2779246
0.22                                    1.2590023
0.23                                    1.1620931
0.24                                    1.1140561
0.25                                    1.1847972
0.26                                    1.1577416
0.27                                    1.0369496
0.28                                    1.1208411
0.29                                    1.0952631
0.3                                     1.084323
0.31                                    1.0443948
0.32                                    1.2018229
0.33                                    1.2732998
0.34                                    1.1237228
0.35                                    1.0725631
0.36                                    1.1175897
0.37                                    0.9829007
0.38                                    1.1207046
0.39                                    1.2756287
0.4                                     1.1960661
0.41                                    1.070818
0.42                                    1.2216972
0.43                                    1.0582842
0.44                                    1.033028
0.45                                    1.2194027
0.46                                    1.237323
0.47                                    1.3149255
0.48                                    1.141566
0.49                                    1.1117014
0.5                                     1.1462895
0.51                                    1.093249
0.52                                    1.0977959
0.53                                    1.0287786
0.54                                    1.1667287
0.55                                    1.2543424
0.56                                    1.204794
0.57                                    1.1524383
0.58                                    1.0337357
0.59                                    1.130984
0.6                                     1.0666507
0.61                                    1.0721778
0.62                                    1.1428678
0.63                                    1.3163639
0.64                                    0.9303081
0.65                                    1.0281623
0.66                                    1.0776672
0.67                                    1.1544211
0.68                                    1.126047
0.69                                    1.0602027
0.7                                     1.2222465
0.71                                    1.1562329
0.72                                    1.2833184
0.73                                    1.1187559
0.74                                    1.1219387
0.75                                    0.986168
0.76                                    0.9879666
0.77                                    1.1512546
0.78                                    0.9884454
0.79                                    1.0914279
0.8                                     0.9696606
0.81                                    0.9868034
0.82                                    1.0622804
0.83                                    1.0198262
0.84                                    0.9284496
0.85                                    1.0526894
0.86                                    1.1450342
0.87                                    0.9961177
0.88                                    0.9555927
0.89                                    1.1117508
0.9                                     0.9811808
0.91                                    0.9911814
0.92                                    1.0718241
0.93                                    0.9328776
0.94                                    0.9977974
0.95                                    0.8677118
0.96                                    0.9377128
0.97                                    0.925679
0.98                                    0.7673997
0.99                                    0.7685834
1.0                                     0.4559168


# Wetting Relative Permeability (fraction)
--------------------------------------------------
Wetting-sat (Sw)                        Value
--------------------------------------------------
0.01                                    0.0240608
0.02                                    0.0261027
0.03                                    0.0178583
0.04                                    0.020289
0.05                                    0.018642
0.06                                    0.0232853
0.07                                    0.0203929
0.08                                    0.0221814
0.09                                    0.0189304
0.1                                     0.0142481
0.11                                    0.020608
0.12                                    0.0184522
0.13                                    0.0246487
0.14                                    0.0248193
0.15                                    0.0199018
0.16                                    0.0214685
0.17                                    0.0232694
0.18                                    0.0327448
0.19                                    0.0193817
0.2                                     0.0306959
0.21                                    0.032581
0.22                                    0.0183858
0.23                                    0.0187616
0.24                                    0.0318137
0.25                                    0.0423483
0.26                                    0.0419845
0.27                                    0.0431399
0.28                                    0.0390366
0.29                                    0.0537643
0.3                                     0.039407
0.31                                    0.0612225
0.32                                    0.066081
0.33                                    0.0694845
0.34                                    0.0515958
0.35                                    0.0576776
0.36                                    0.0825313
0.37                                    0.0701982
0.38                                    0.089481
0.39                                    0.1139229
0.4                                     0.1077511
0.41                                    0.1037422
0.42                                    0.1100685
0.43                                    0.1200748
0.44                                    0.0983537
0.45                                    0.1240776
0.46                                    0.1205651
0.47                                    0.1339211
0.48                                    0.1326655
0.49                                    0.1597678
0.5                                     0.1860564
0.51                                    0.1667191
0.52                                    0.1479922
0.53                                    0.1822806
0.54                                    0.2104906
0.55                                    0.2055214
0.56                                    0.2112219
0.57                                    0.2211234
0.58                                    0.217547
0.59                                    0.2040596
0.6                                     0.2319449
0.61                                    0.2528353
0.62                                    0.2926803
0.63                                    0.2511545
0.64                                    0.2906121
0.65                                    0.2706505
0.66                                    0.2997594
0.67                                    0.2800627
0.68                                    0.3331107
0.69                                    0.2810016
0.7                                     0.3720594
0.71                                    0.3223772
0.72                                    0.3501379
0.73                                    0.3717273
0.74                                    0.3617814
0.75                                    0.3672296
0.76                                    0.3660848
0.77                                    0.4141076
0.78                                    0.4456506
0.79                                    0.4074575
0.8                                     0.4434898
0.81                                    0.4620347
0.82                                    0.4767807
0.83                                    0.4558134
0.84                                    0.4579964
0.85                                    0.5062439
0.86                                    0.4985823
0.87                                    0.5017117
0.88                                    0.5170567
0.89                                    0.5304382
0.9                                     0.5554304
0.91                                    0.5848575
0.92                                    0.615168
0.93                                    0.6105214
0.94                                    0.6646142
0.95                                    0.673406
0.96                                    0.6869376
0.97                                    0.689073
0.98                                    0.7514216
0.99                                    0.7623168
1.0                                     0.9820697


# Non-Wetting Relative Permeability (fraction)
--------------------------------------------------
Wetting-sat (Sw)                        Value
--------------------------------------------------
0.01                                    0.9790933
0.02                                    0.9484916
0.03                                    0.9484758
0.04                                    0.9282914
0.05                                    0.9250395
0.06                                    0.896631
0.07                                    0.8707957
0.08                                    0.8645939
0.09                                    0.8690287
0.1                                     0.8530506
0.11                                    0.8208111
0.12                                    0.8097225
0.13                                    0.7931802
0.14                                    0.7621774
0.15                                    0.7871339
0.16                                    0.7407824
0.17                                    0.7559791
0.18                                    0.7553551
0.19                                    0.7236185
0.2                                     0.7228546
0.21                                    0.7096205
0.22                                    0.698194
0.23                                    0.6889274
0.24                                    0.6577548
0.25                                    0.6823308
0.26                                    0.6768998
0.27                                    0.6465469
0.28                                    0.6333011
0.29                                    0.6282978
0.3                                     0.6035477
0.31                                    0.6011587
0.32                                    0.5903786
0.33                                    0.5920298
0.34                                    0.5912851
0.35                                    0.5606387
0.36                                    0.5753043
0.37                                    0.5689363
0.38                                    0.5734205
0.39                                    0.5736035
0.4                                     0.5417466
0.41                                    0.5682597
0.42                                    0.5746162
0.43                                    0.5459267
0.44                                    0.5424588
0.45                                    0.5358357
0.46                                    0.5515833
0.47                                    0.5127051
0.48                                    0.5321632
0.49                                    0.5194501
0.5                                     0.5381812
0.51                                    0.5289708
0.52                                    0.4875178
0.53                                    0.4908555
0.54                                    0.4666127
0.55                                    0.4650156
0.56                                    0.4664683
0.57                                    0.4567001
0.58                                    0.4736778
0.59                                    0.4617374
0.6                                     0.4409678
0.61                                    0.4417688
0.62                                    0.438913
0.63                                    0.4316038
0.64                                    0.430213
0.65                                    0.4595114
0.66                                    0.4212625
0.67                                    0.41658
0.68                                    0.3863592
0.69                                    0.3803903
0.7                                     0.3791131
0.71                                    0.3986794
0.72                                    0.3316124
0.73                                    0.3449722
0.74                                    0.3488929
0.75                                    0.320527
0.76                                    0.3255988
0.77                                    0.2850797
0.78                                    0.3222246
0.79                                    0.2482131
0.8                                     0.2875563
0.81                                    0.2575645
0.82                                    0.2416811
0.83                                    0.2258322
0.84                                    0.2271124
0.85                                    0.2186949
0.86                                    0.1886375
0.87                                    0.199178
0.88                                    0.1849441
0.89                                    0.1677334
0.9                                     0.1679729
0.91                                    0.1564813
0.92                                    0.1166911
0.93                                    0.1119635
0.94                                    0.0891466
0.95                                    0.0790004
0.96                                    0.0768604
0.97                                    0.0554874
0.98                                    0.0453209
0.99                                    0.0478464
1.0                                     0.0321437


# Two-point Correlation Function (1/um)
--------------------------------------------------
lag (px)                                Value
--------------------------------------------------
0.5                                     0.2263195
1.0                                     0.2251821
1.5                                     0.2291881
2.0                                     0.2288604
2.5                                     0.2231712
3.0                                     0.2418157
3.5                                     0.2117661
4.0                                     0.2066194
4.5                                     0.1980012
5.0                                     0.1969998
5.5                                     0.2128655
6.0                                     0.2106295
6.5                                     0.1889519
7.0                                     0.1831431
7.5                                     0.2075073
8.0                                     0.1906131
8.5                                     0.1842001
9.0                                     0.1830765
9.5                                     0.1685914
10.0                                    0.1740544
10.5                                    0.1743136
11.0                                    0.171948
11.5                                    0.167854
12.0                                    0.1744942
12.5                                    0.1690905
13.0                                    0.155574
13.5                                    0.1496597
14.0                                    0.1519815
14.5                                    0.1497051
15.0                                    0.1498377
15.5                                    0.151775
16.0                                    0.1647471
16.5                                    0.1466158
17.0                                    0.1431867
17.5                                    0.1505339
18.0                                    0.1491301
18.5                                    0.1267207
19.0                                    0.1362826
19.5                                    0.1312531
20.0                                    0.1411641
20.5                                    0.1394319
21.0                                    0.136374
21.5                                    0.1418716
22.0                                    0.1282757
22.5                                    0.1328869
23.0                                    0.1255114
23.5                                    0.1342837
24.0                                    0.1268737
24.5                                    0.128695
25.0                                    0.1195957
25.5                                    0.1262301
26.0                                    0.116621
26.5                                    0.1357546
27.0                                    0.1170892
27.5                                    0.1139082
28.0                                    0.1237467
28.5                                    0.1213325
29.0                                    0.1188021
29.5                                    0.1219261
30.0                                    0.1155455
30.5                                    0.1161341
31.0                                    0.1118219
31.5                                    0.1124727
32.0                                    0.1181254
32.5                                    0.1191956
33.0                                    0.1053929
33.5                                    0.1090662
34.0                                    0.1210292
34.5                                    0.1015837
35.0                                    0.1160163
35.5                                    0.1189885
36.0                                    0.1141008
36.5                                    0.1116373
37.0                                    0.1140784
37.5                                    0.1059902
38.0                                    0.1173264
38.5                                    0.1006797
39.0                                    0.0989613
39.5                                    0.1096548
40.0                                    0.1132671
40.5                                    0.1195215
41.0                                    0.101815
41.5                                    0.1163788
42.0                                    0.1056007
42.5                                    0.1112968
43.0                                    0.1064402
43.5                                    0.1085146
44.0                                    0.0996137
44.5                                    0.0990572
45.0                                    0.1022134
45.5                                    0.1145232
46.0                                    0.1021395
46.5                                    0.1025556
47.0                                    0.1032623
47.5                                    0.1062977
48.0                                    0.1129359
48.5                                    0.0882433
49.0                                    0.1005442
49.5                                    0.1005225
50.0                                    0.1113304


# Pore Radius Distribution (um)
--------------------------------------------------
Cumulative probability                  Value
--------------------------------------------------
0.01                                    3.9418832
0.02                                    5.1115456
0.03                                    5.429604
0.04                                    7.5746209
0.05                                    6.4608949
0.06                                    7.6040859
0.07                                    8.2933211
0.08                                    7.9749379
0.09                                    8.0082139
0.1                                     8.642562
0.11                                    9.1048554
0.12                                    9.9645681
0.13                                    9.2691808
0.14                                    10.1383677
0.15                                    11.4082592
0.16                                    12.3746783
0.17                                    11.0958512
0.18                                    10.1201974
0.19                                    11.1771203
0.2                                     10.7270423
0.21                                    11.1852211
0.22                                    10.4991437
0.23                                    11.8684444
0.24                                    11.0913164
0.25                                    12.7084043
0.26                                    12.823682
0.27                                    11.4252506
0.28                                    12.8071392
0.29                                    11.8551263
0.3                                     12.106219
0.31                                    12.1740287
0.32                                    12.6920275
0.33                                    12.3373267
0.34                                    12.0558584
0.35                                    13.5978826
0.36                                    13.6549714
0.37                                    11.7591647
0.38                                    12.5205298
0.39                                    12.2367716
0.4                                     14.1120659
0.41                                    13.5651024
0.42                                    14.0606246
0.43                                    13.9907708
0.44                                    12.8739123
0.45                                    14.2471744
0.46                                    14.2835297
0.47                                    15.6367307
0.48                                    15.8097386
0.49                                    14.6177117
0.5                                     14.7355591
0.51                                    13.275449
0.52                                    14.9677539
0.53                                    14.1564329
0.54                                    14.4827839
0.55                                    15.2109889
0.56                                    15.2328885
0.57                                    15.2567597
0.58                                    14.2176043
0.59                                    15.6640376
0.6                                     15.1420315
0.61                                    14.9072789
0.62                                    17.5676505
0.63                                    16.3657055
0.64                                    15.678374
0.65                                    16.5959362
0.66                                    17.5310604
0.67                                    15.351991
0.68                                    16.447715
0.69                                    15.4044157
0.7                                     16.0390215
0.71                                    17.1209156
0.72                                    17.0915216
0.73                                    17.2458931
0.74                                    17.7049067
0.75                                    16.1347868
0.76                                    16.8875528
0.77                                    18.7828449
0.78                                    17.7398364
0.79                                    16.9040498
0.8                                     16.4835382
0.81                                    16.8529003
0.82                                    17.0049691
0.83                                    19.1151783
0.84                                    18.2353448
0.85                                    19.5345431
0.86                                    17.9739642
0.87                                    18.909516
0.88                                    18.4390053
0.89                                    19.3570454
0.9                                     19.8985383
0.91                                    19.7126738
0.92                                    20.307118
0.93                                    20.285489
0.94                                    21.1849002
0.95                                    21.4557594
0.96                                    21.2332846
0.97                                    20.8362166
0.98                                    21.6907056
0.99                                    21.9010541
1.0                                     27.2399255


# Throat Radius Distribution (um)
--------------------------------------------------
Cumulative probability                  Value
--------------------------------------------------
0.01                                    2.7540785
0.02                                    4.5319363
0.03                                    4.2253562
0.04                                    5.9887834
0.05                                    6.2096475
0.06                                    5.7874128
0.07                                    6.3279201
0.08                                    7.0767123
0.09                                    6.5959001
0.1                                     7.4744248
0.11                                    6.5443706
0.12                                    7.1277719
0.13                                    7.3693538
0.14                                    6.9117188
0.15                                    7.1388702
0.16                                    7.778215
0.17                                    7.9285985
0.18                                    8.0303939
0.19                                    9.0965401
0.2                                     7.8497697
0.21                                    7.4934477
0.22                                    8.4328243
0.23                                    9.4463072
0.24                                    9.2178778
0.25                                    8.3052423
0.26                                    9.163194
0.27                                    10.2351061
0.28                                    9.9466883
0.29                                    10.0543022
0.3                                     9.60037
0.31                                    11.8190382
0.32                                    10.0160366
0.33                                    9.1721991
0.34                                    11.2818046
0.35                                    9.4715434
0.36                                    11.3648777
0.37                                    10.3688771
0.38                                    10.9106993
0.39                                    11.5452904
0.4                                     11.1837237
0.41                                    10.934454
0.42                                    11.5885911
0.43                                    12.5938868
0.44                                    11.0422766
0.45                                    12.1377937
0.46                                    11.8413057
0.47                                    12.4091325
0.48                                    13.8196335
0.49                                    10.9932221
0.5                                     13.3772708
0.51                                    15.2207794
0.52                                    13.0992769
0.53                                    12.6754119
0.54                                    12.2130072
0.55                                    11.5818761
0.56                                    12.7840861
0.57                                    12.9968441
0.58                                    13.5547982
0.59                                    15.0353849
0.6                                     13.9677619
0.61                                    13.7560447
0.62                                    13.3938491
0.63                                    14.7092219
0.64                                    15.0094599
0.65                                    14.4854823
0.66                                    15.3884959
0.67                                    13.5956936
0.68                                    14.8253766
0.69                                    15.1499777
0.7                                     13.7313186
0.71                                    15.8522324
0.72                                    15.7448273
0.73                                    15.4723317
0.74                                    14.7278123
0.75                                    15.016013
0.76                                    16.986514
0.77                                    15.1546993
0.78                                    16.0948012
0.79                                    15.0001797
0.8                                     16.185657
0.81                                    17.1797989
0.82                                    17.093031
0.83                                    16.601975
0.84                                    17.139582
0.85                                    16.9465329
0.86                                    16.9489943
0.87                                    15.6748585
0.88                                    14.8863684
0.89                                    17.2550873
0.9                                     17.3067875
0.91                                    15.7950722
0.92                                    19.2828037
0.93                                    17.507451
0.94                                    20.2453444
0.95                                    19.718137
0.96                                    19.1813348
0.97                                    18.5981071
0.98                                    19.4931311
0.99                                    20.4107212
1.0                                     27.1138485


# Throat Lenght Distribution (um)
--------------------------------------------------
Cumulative probability                  Value
--------------------------------------------------
0.01                                    15.9482105
0.02                                    20.2056725
0.03                                    22.163896
0.04                                    28.2914251
0.05                                    26.9281854
0.06                                    27.8864803
0.07                                    26.6973261
0.08                                    25.2273127
0.09                                    27.0891679
0.1                                     29.4365502
0.11                                    29.2533223
0.12                                    28.7549697
0.13                                    31.5948332
0.14                                    27.3470591
0.15                                    29.5302189
0.16                                    30.5306775
0.17                                    32.5403729
0.18                                    32.1486968
0.19                                    31.9209615
0.2                                     29.9072518
0.21                                    35.8019051
0.22                                    34.1915625
0.23                                    32.9895869
0.24                                    30.3854625
0.25                                    34.0461301
0.26                                    36.5971161
0.27                                    31.9488878
0.28                                    30.1108825
0.29                                    31.9453538
0.3                                     35.5061377
0.31                                    33.9916811
0.32                                    32.1673978
0.33                                    30.8940154
0.34                                    33.9752305
0.35                                    35.6690973
0.36                                    34.7363458
0.37                                    35.032902
0.38                                    34.8100547
0.39                                    33.1498138
0.4                                     36.8208867
0.41                                    37.1367774
0.42                                    38.5004518
0.43                                    37.0034583
0.44                                    35.0012719
0.45                                    36.1530986
0.46                                    37.4423953
0.47                                    36.4634885
0.48                                    35.4744476
0.49                                    32.9488765
0.5                                     38.6397707
0.51                                    35.8246577
0.52                                    38.8059041
0.53                                    38.7181399
0.54                                    39.1883467
0.55                                    37.3373938
0.56                                    40.4215797
0.57                                    40.0834995
0.58                                    36.6390977
0.59                                    39.5678164
0.6                                     40.3034318
0.61                                    40.4574125
0.62                                    38.4815955
0.63                                    40.8623635
0.64                                    41.2664573
0.65                                    36.619935
0.66                                    45.6122394
0.67                                    40.216152
0.68                                    41.6368384
0.69                                    43.2102633
0.7                                     40.6098447
0.71                                    42.7418245
0.72                                    42.822529
0.73                                    39.7033466
0.74                                    41.6511276
0.75                                    43.8969202
0.76                                    42.7459444
0.77                                    42.5308276
0.78                                    43.2908022
0.79                                    42.8880209
0.8                                     46.0307674
0.81                                    48.4062768
0.82                                    43.6581275
0.83                                    47.2136631
0.84                                    44.2459357
0.85                                    47.8116655
0.86                                    46.2192766
0.87                                    46.7237014
0.88                                    42.9573097
0.89                                    49.6099251
0.9                                     48.3940496
0.91                                    45.4856777
0.92                                    49.0963579
0.93                                    45.0764537
0.94                                    48.4518896
0.95                                    47.7363562
0.96                                    50.7307118
0.97                                    52.3053499
0.98                                    52.964066
0.99                                    54.0640999
1.0                                     62.445624


# Pore Inscribed Radius Distribution (um)
--------------------------------------------------
Cumulative probability                  Value
--------------------------------------------------
0.01                                    3.0716128
0.02                                    3.9224102
0.03                                    4.0938813
0.04                                    4.1235142
0.05                                    5.611708
0.06                                    6.3897736
0.07                                    4.8078946
0.08                                    5.6680842
0.09                                    6.7659312
0.1                                     6.785573
0.11                                    6.1974365
0.12                                    6.289781
0.13                                    6.7503825
0.14                                    7.6724388
0.15                                    7.3272178
0.16                                    7.9085558
0.17                                    7.3863701
0.18                                    9.5828645
0.19                                    9.141455
0.2                                     8.3774431
0.21                                    9.4251624
0.22                                    8.8925816
0.23                                    9.2073352
0.24                                    8.920505
0.25                                    9.3251707
0.26                                    10.4711449
0.27                                    11.1148671
0.28                                    9.8979142
0.29                                    9.1288313
0.3                                     10.7023663
0.31                                    10.0674765
0.32                                    9.6003958
0.33                                    9.9123014
0.34                                    10.1370016
0.35                                    9.505161
0.36                                    10.4439645
0.37                                    10.3486312
0.38                                    11.6317912
0.39                                    11.1913602
0.4                                     11.3156749
0.41                                    10.0967061
0.42                                    11.4986287
0.43                                    11.5850525
0.44                                    11.7303029
0.45                                    12.1526309
0.46                                    11.7919056
0.47                                    12.1797222
0.48                                    11.715183
0.49                                    12.0454811
0.5                                     12.1956664
0.51                                    12.1750603
0.52                                    12.7485341
0.53                                    12.4100816
0.54                                    12.4246065
0.55                                    13.1642655
0.56                                    13.8038916
0.57                                    12.6732368
0.58                                    13.5006627
0.59                                    12.4266772
0.6                                     12.8103824
0.61                                    12.7039328
0.62                                    13.635152
0.63                                    13.3215875
0.64                                    13.6312066
0.65                                    12.8595864
0.66                                    14.0345823
0.67                                    13.7121083
0.68                                    13.8019784
0.69                                    14.0413303
0.7                                     14.7730129
0.71                                    13.1760127
0.72                                    14.0772001
0.73                                    12.087373
0.74                                    14.5977076
0.75                                    13.6539708
0.76                                    14.1183071
0.77                                    14.7392163
0.78                                    14.553893
0.79                                    15.1927111
0.8                                     14.6091543
0.81                                    14.115781
0.82                                    15.8771876
0.83                                    15.3644707
0.84                                    15.6968789
0.85                                    14.466668
0.86                                    14.5180147
0.87                                    17.6724781
0.88                                    17.1614561
0.89                                    18.6493343
0.9                                     15.9204851
0.91                                    16.6539131
0.92                                    15.9389563
0.93                                    16.827978
0.94                                    17.3135573
0.95                                    16.5321168
0.96                                    17.2607939
0.97                                    18.9298453
0.98                                    17.6960477
0.99                                    19.0756872
1.0                                     22.5663946


# Throat Inscribed Radius Distribution (um)
--------------------------------------------------
Cumulative probability                  Value
--------------------------------------------------
0.01                                    2.1160014
0.02                                    1.8995381
0.03                                    2.7599934
0.04                                    2.6301827
0.05                                    3.4585561
0.06                                    3.4173695
0.07                                    3.1448032
0.08                                    3.8810054
0.09                                    3.9601822
0.1                                     3.8469173
0.11                                    5.012476
0.12                                    4.8475568
0.13                                    4.6294688
0.14                                    5.533293
0.15                                    5.1850025
0.16                                    5.205626
0.17                                    5.3389891
0.18                                    5.5987928
0.19                                    5.2492487
0.2                                     6.3343004
0.21                                    6.2863791
0.22                                    6.3019452
0.23                                    5.7889134
0.24                                    6.7261204
0.25                                    6.4588476
0.26                                    5.7700898
0.27                                    6.3983155
0.28                                    6.647048
0.29                                    8.2867363
0.3                                     6.9735183
0.31                                    7.2293352
0.32                                    7.6819663
0.33                                    7.5283275
0.34                                    8.6885498
0.35                                    7.1545268
0.36                                    6.8723217
0.37                                    8.316744
0.38                                    9.2321712
0.39                                    8.0047928
0.4                                     7.6282661
0.41                                    8.0233578
0.42                                    7.1172708
0.43                                    8.5423302
0.44                                    8.9129187
0.45                                    8.2505945
0.46                                    9.1062348
0.47                                    7.9069663
0.48                                    8.756751
0.49                                    7.9166175
0.5                                     8.7432871
0.51                                    9.4028568
0.52                                    8.8181308
0.53                                    10.3344692
0.54                                    9.228812
0.55                                    8.4197164
0.56                                    9.7903212
0.57                                    9.0584002
0.58                                    9.5359175
0.59                                    9.0376744
0.6                                     9.8947177
0.61                                    9.9828686
0.62                                    9.4960919
0.63                                    9.6881635
0.64                                    10.4373468
0.65                                    10.0286739
0.66                                    8.7436721
0.67                                    10.0295665
0.68                                    9.8753027
0.69                                    9.591231
0.7                                     9.8502363
0.71                                    10.0688364
0.72                                    9.9181534
0.73                                    10.0618638
0.74                                    12.2588278
0.75                                    10.5198957
0.76                                    9.7633725
0.77                                    11.0390029
0.78                                    11.2810774
0.79                                    11.3697848
0.8                                     11.095535
0.81                                    10.5604059
0.82                                    11.0666762
0.83                                    11.7380688
0.84                                    11.8666777
0.85                                    12.5597566
0.86                                    12.1135666
0.87                                    12.3044073
0.88                                    12.0452089
0.89                                    11.553943
0.9                                     11.8785752
0.91                                    12.0787649
0.92                                    13.0418314
0.93                                    12.2310312
0.94                                    13.5142991
0.95                                    13.1939371
0.96                                    12.758556
0.97                                    13.5736231
0.98                                    14.5846265
0.99                                    14.9174452
1.0                                     17.8540124


# Throat Average Distance (um)
--------------------------------------------------
Cumulative probability                  Value
--------------------------------------------------
0.01                                    1.6409342
0.02                                    1.7807781
0.03                                    1.7967012
0.04                                    1.8864216
0.05                                    2.2674099
0.06                                    2.6326722
0.07                                    2.4862139
0.08                                    2.9718412
0.09                                    2.7408463
0.1                                     2.7459557
0.11                                    2.8161094
0.12                                    2.6632011
0.13                                    3.1703502
0.14                                    3.0162213
0.15                                    2.9702548
0.16                                    3.0345295
0.17                                    3.1296771
0.18                                    2.8945175
0.19                                    3.1554769
0.2                                     3.1599038
0.21                                    3.3001324
0.22                                    3.2850246
0.23                                    3.6167901
0.24                                    3.523953
0.25                                    3.7605299
0.26                                    3.9647252
0.27                                    3.5432822
0.28                                    4.0008956
0.29                                    3.5331585
0.3                                     3.8364688
0.31                                    4.0951833
0.32                                    3.9218432
0.33                                    3.6389303
0.34                                    4.2324302
0.35                                    3.8937315
0.36                                    3.8122688
0.37                                    4.2998891
0.38                                    3.8798267
0.39                                    4.7969722
0.4                                     4.240303
0.41                                    4.8643213
0.42                                    4.2522554
0.43                                    4.480414
0.44                                    4.245756
0.45                                    4.6945383
0.46                                    4.7317501
0.47                                    4.7727657
0.48                                    4.7400283
0.49                                    4.4145065
0.5                                     4.9940126
0.51                                    4.8604
0.52                                    4.8230193
0.53                                    5.3624233
0.54                                    5.333141
0.55                                    5.1315836
0.56                                    5.53119
0.57                                    4.8308657
0.58                                    5.399393
0.59                                    5.1857868
0.6                                     5.4459354
0.61                                    5.4758709
0.62                                    5.2799866
0.63                                    5.456727
0.64                                    5.8579692
0.65                                    6.2385606
0.66                                    5.6226065
0.67                                    6.5563211
0.68                                    5.3628377
0.69                                    6.6120767
0.7                                     6.5139582
0.71                                    5.9978985
0.72                                    5.9866584
0.73                                    5.7372793
0.74                                    5.8394884
0.75                                    6.0979828
0.76                                    6.2807645
0.77                                    5.4893869
0.78                                    5.56352
0.79                                    6.5634789
0.8                                     6.2295393
0.81                                    6.8949967
0.82                                    6.2552298
0.83                                    7.0664795
0.84                                    6.6938066
0.85                                    6.9388863
0.86                                    6.8302733
0.87                                    6.6872296
0.88                                    7.355624
0.89                                    7.8375941
0.9                                     7.8641345
0.91                                    7.609406
0.92                                    6.9668344
0.93                                    6.8933745
0.94                                    7.5362127
0.95                                    7.5124938
0.96                                    7.31214
0.97                                    9.1921937
0.98                                    8.4395956
0.99                                    10.3749307
1.0                                     11.220663


# Throat Permeability Distribution (um2)
--------------------------------------------------
Cumulative probability                  Value
--------------------------------------------------
0.01                                    47.7463105
0.02                                    37.5584289
0.03                                    37.134029
0.04                                    32.5358081
0.05                                    35.1760745
0.06                                    26.9662821
0.07                                    31.216964
0.08                                    24.9731296
0.09                                    39.9086411
0.1                                     41.0668066
0.11                                    36.8559149
0.12                                    40.5133784
0.13                                    34.6676543
0.14                                    52.7187795
0.15                                    38.1412312
0.16                                    37.5688482
0.17                                    54.2989594
0.18                                    46.7281071
0.19                                    37.9042254
0.2                                     31.0114639
0.21                                    46.2899734
0.22                                    66.7916466
0.23                                    46.8297095
0.24                                    49.074259
0.25                                    52.7936278
0.26                                    44.4401795
0.27                                    52.1498172
0.28                                    52.3295181
0.29                                    68.1958708
0.3                                     47.0590285
0.31                                    44.9679113
0.32                                    54.9480906
0.33                                    45.6232312
0.34                                    61.8519595
0.35                                    59.9801727
0.36                                    54.0723762
0.37                                    49.1433109
0.38                                    48.0763542
0.39                                    65.6197987
0.4                                     49.3727746
0.41                                    55.8423033
0.42                                    57.319762
0.43                                    60.097933
0.44                                    65.7455125
0.45                                    56.9243409
0.46                                    53.2986242
0.47                                    59.540258
0.48                                    44.6073586
0.49                                    62.451209
0.5                                     46.2797309
0.51                                    65.680283
0.52                                    84.8652758
0.53                                    63.5296845
0.54                                    87.8760931
0.55                                    58.6117684
0.56                                    85.5048075
0.57                                    56.2100767
0.58                                    68.1766138
0.59                                    64.8652523
0.6                                     54.5067806
0.61                                    64.3597158
0.62                                    73.2018419
0.63                                    51.3402484
0.64                                    77.3564928
0.65                                    70.7353193
0.66                                    77.0964944
0.67                                    44.4638923
0.68                                    60.4913351
0.69                                    76.646305
0.7                                     64.4150693
0.71                                    78.3546226
0.72                                    77.2624968
0.73                                    85.4601852
0.74                                    102.9495911
0.75                                    81.1942809
0.76                                    72.6958811
0.77                                    95.4104599
0.78                                    75.4832144
0.79                                    86.3161605
0.8                                     90.4877473
0.81                                    70.5648803
0.82                                    80.2568283
0.83                                    98.9100964
0.84                                    77.437758
0.85                                    76.0006265
0.86                                    106.2671574
0.87                                    104.7574344
0.88                                    86.0454115
0.89                                    103.658956
0.9                                     92.9934461
0.91                                    131.2296356
0.92                                    124.274792
0.93                                    125.6194256
0.94                                    111.5459734
0.95                                    129.2556614
0.96                                    123.2152905
0.97                                    135.9700465
0.98                                    164.5149503
0.99                                    206.6748932
1.0                                     248.6880714


# Coordination Number Distribution
--------------------------------------------------
Cumulative probability                  Value
--------------------------------------------------
0.01                                    2.4336979
0.02                                    3.8511697
0.03                                    2.8368118
0.04                                    3.5376506
0.05                                    4.2858604
0.06                                    4.0093223
0.07                                    3.5522086
0.08                                    5.1631708
0.09                                    5.0763267
0.1                                     4.7573656
0.11                                    5.4138689
0.12                                    6.8943574
0.13                                    5.8041532
0.14                                    5.5006949
0.15                                    6.946971
0.16                                    7.059521
0.17                                    6.342175
0.18                                    6.7616883
0.19                                    8.5437137
0.2                                     8.0603118
0.21                                    7.8854996
0.22                                    8.6144181
0.23                                    9.0147605
0.24                                    8.2484147
0.25                                    8.6872706
0.26                                    8.9444184
0.27                                    9.2752013
0.28                                    8.0451054
0.29                                    7.5266986
0.3                                     9.815455
0.31                                    10.670167
0.32                                    9.906744
0.33                                    9.4849103
0.34                                    8.3807007
0.35                                    9.8768729
0.36                                    9.809263
0.37                                    9.183762
0.38                                    10.4087596
0.39                                    10.2944012
0.4                                     9.8434639
0.41                                    9.8859644
0.42                                    11.431189
0.43                                    10.3540236
0.44                                    10.5474838
0.45                                    11.8805605
0.46                                    10.6209821
0.47                                    13.028751
0.48                                    12.0908817
0.49                                    11.6011424
0.5                                     10.1382736
0.51                                    9.8925266
0.52                                    11.3619381
0.53                                    14.2888916
0.54                                    10.6685993
0.55                                    11.7369561
0.56                                    12.1452609
0.57                                    12.2658277
0.58                                    13.5771413
0.59                                    13.5529367
0.6                                     12.2255382
0.61                                    13.0012095
0.62                                    13.5532874
0.63                                    13.1121869
0.64                                    13.8713345
0.65                                    13.0302869
0.66                                    16.6666618
0.67                                    14.73117
0.68                                    12.8882343
0.69                                    12.6853691
0.7                                     14.1368597
0.71                                    14.2989966
0.72                                    13.7752765
0.73                                    13.5755149
0.74                                    13.7862821
0.75                                    14.7251644
0.76                                    15.714247
0.77                                    13.0027515
0.78                                    13.1014306
0.79                                    15.6984662
0.8                                     14.8134817
0.81                                    13.001135
0.82                                    13.0758196
0.83                                    16.0543945
0.84                                    13.3687556
0.85                                    16.1082532
0.86                                    16.1779061
0.87                                    15.8666357
0.88                                    16.5622032
0.89                                    16.3454903
0.9                                     16.4404401
0.91                                    18.4325069
0.92                                    16.9621197
0.93                                    18.988479
0.94                                    18.2058673
0.95                                    18.9464836
0.96                                    19.8441416
0.97                                    19.8744947
0.98                                    19.3252773
0.99                                    20.8136385
1.0                                     26.2711748


# Pore Sphericity Distribution (ratio)
--------------------------------------------------
Cumulative probability                  Value
--------------------------------------------------
0.01                                    0.5900389
0.02                                    0.6143989
0.03                                    0.6255474
0.04                                    0.6307164
0.05                                    0.6370055
0.06                                    0.6600101
0.07                                    0.6462111
0.08                                    0.6560062
0.09                                    0.6840907
0.1                                     0.684781
0.11                                    0.6908956
0.12                                    0.6764004
0.13                                    0.6841682
0.14                                    0.7019204
0.15                                    0.6848822
0.16                                    0.6931905
0.17                                    0.7038926
0.18                                    0.6801205
0.19                                    0.7181971
0.2                                     0.7025082
0.21                                    0.7069523
0.22                                    0.6980534
0.23                                    0.7168815
0.24                                    0.721731
0.25                                    0.7188704
0.26                                    0.7155802
0.27                                    0.724537
0.28                                    0.7249055
0.29                                    0.72376
0.3                                     0.7272087
0.31                                    0.7185432
0.32                                    0.7186626
0.33                                    0.7301694
0.34                                    0.7266415
0.35                                    0.7287171
0.36                                    0.7406697
0.37                                    0.7336216
0.38                                    0.7354755
0.39                                    0.7313146
0.4                                     0.7412785
0.41                                    0.7525969
0.42                                    0.7440609
0.43                                    0.7501289
0.44                                    0.7429462
0.45                                    0.7456693
0.46                                    0.7575591
0.47                                    0.7397211
0.48                                    0.7379563
0.49                                    0.7504164
0.5                                     0.7535135
0.51                                    0.735065
0.52                                    0.7433916
0.53                                    0.750321
0.54                                    0.7419238
0.55                                    0.7545679
0.56                                    0.7615598
0.57                                    0.7762818
0.58                                    0.7789611
0.59                                    0.7705247
0.6                                     0.772488
0.61                                    0.7474581
0.62                                    0.7875604
0.63                                    0.7645232
0.64                                    0.7645667
0.65                                    0.7486844
0.66                                    0.773306
0.67                                    0.7807352
0.68                                    0.7840704
0.69                                    0.7739426
0.7                                     0.7655614
0.71                                    0.7884627
0.72                                    0.7808696
0.73                                    0.7838865
0.74                                    0.7706117
0.75                                    0.7918071
0.76                                    0.7917654
0.77                                    0.7914891
0.78                                    0.8062595
0.79                                    0.7896697
0.8                                     0.8039592
0.81                                    0.7993371
0.82                                    0.7996212
0.83                                    0.8153925
0.84                                    0.8057773
0.85                                    0.8038248
0.86                                    0.8214866
0.87                                    0.8130173
0.88                                    0.8041558
0.89                                    0.8077604
0.9                                     0.8137649
0.91                                    0.8196914
0.92                                    0.831676
0.93                                    0.8487147
0.94                                    0.8462333
0.95                                    0.8623185
0.96                                    0.8403625
0.97                                    0.858859
0.98                                    0.8739437
0.99                                    0.8775563
1.0                                     0.9567611


# Grain Sphericity Distribution (ratio)
--------------------------------------------------
Cumulative probability                  Value
--------------------------------------------------
0.01                                    0.5035128
0.02                                    0.5444664
0.03                                    0.5314571
0.04                                    0.5573623
0.05                                    0.570782
0.06                                    0.5690549
0.07                                    0.5750919
0.08                                    0.5809444
0.09                                    0.5889634
0.1                                     0.5980007
0.11                                    0.6033901
0.12                                    0.6015268
0.13                                    0.6117892
0.14                                    0.6329372
0.15                                    0.6436938
0.16                                    0.6358715
0.17                                    0.622294
0.18                                    0.6569792
0.19                                    0.6459834
0.2                                     0.6452833
0.21                                    0.6438816
0.22                                    0.6660414
0.23                                    0.6816537
0.24                                    0.6402068
0.25                                    0.6725888
0.26                                    0.6612891
0.27                                    0.6634421
0.28                                    0.6925817
0.29                                    0.6792385
0.3                                     0.6519451
0.31                                    0.6825698
0.32                                    0.6976552
0.33                                    0.6656997
0.34                                    0.6806584
0.35                                    0.6959152
0.36                                    0.7117172
0.37                                    0.6790184
0.38                                    0.6949984
0.39                                    0.7032948
0.4                                     0.6937755
0.41                                    0.693045
0.42                                    0.6883899
0.43                                    0.6941796
0.44                                    0.7042332
0.45                                    0.7252408
0.46                                    0.7276024
0.47                                    0.7099748
0.48                                    0.7035789
0.49                                    0.7153419
0.5                                     0.71246
0.51                                    0.7120061
0.52                                    0.7282946
0.53                                    0.7244083
0.54                                    0.7456022
0.55                                    0.7246274
0.56                                    0.7253449
0.57                                    0.7413439
0.58                                    0.7253346
0.59                                    0.7307555
0.6                                     0.7315705
0.61                                    0.7421586
0.62                                    0.7347111
0.63                                    0.7316969
0.64                                    0.7401118
0.65                                    0.740811
0.66                                    0.7417532
0.67                                    0.74666
0.68                                    0.7476581
0.69                                    0.7429119
0.7                                     0.7552731
0.71                                    0.7350511
0.72                                    0.7611416
0.73                                    0.7698263
0.74                                    0.7529668
0.75                                    0.7777059
0.76                                    0.7480845
0.77                                    0.774972
0.78                                    0.7703593
0.79                                    0.7846547
0.8                                     0.7812538
0.81                                    0.7679601
0.82                                    0.7587189
0.83                                    0.7921573
0.84                                    0.7798212
0.85                                    0.7914043
0.86                                    0.7984075
0.87                                    0.812013
0.88                                    0.7936239
0.89                                    0.826959
0.9                                     0.801912
0.91                                    0.8091311
0.92                                    0.824324
0.93                                    0.8423997
0.94                                    0.8440603
0.95                                    0.8376301
0.96                                    0.846406
0.97                                    0.8576474
0.98                                    0.8694868
0.99                                    0.8787569
1.0                                     0.9534443


# Grain Radius Distribution (um)
--------------------------------------------------
Cumulative probability                  Value
--------------------------------------------------
0.01                                    9.4764825
0.02                                    10.1151434
0.03                                    10.2593081
0.04                                    11.0388086
0.05                                    11.356312
0.06                                    11.2917749
0.07                                    13.5814282
0.08                                    13.2954397
0.09                                    13.144441
0.1                                     14.8482357
0.11                                    14.6070628
0.12                                    13.6126722
0.13                                    13.8423068
0.14                                    13.027353
0.15                                    15.2667841
0.16                                    14.1725776
0.17                                    14.515795
0.18                                    15.3913841
0.19                                    16.4545481
0.2                                     16.3034273
0.21                                    16.0557725
0.22                                    17.0505012
0.23                                    15.8995734
0.24                                    16.3890614
0.25                                    17.2638474
0.26                                    16.9415805
0.27                                    16.6009102
0.28                                    17.5234494
0.29                                    20.607925
0.3                                     15.8734041
0.31                                    19.8266487
0.32                                    18.4587767
0.33                                    17.8959837
0.34                                    19.3425356
0.35                                    19.4709508
0.36                                    18.4694705
0.37                                    19.1830144
0.38                                    18.90564
0.39                                    19.4254932
0.4                                     20.0850095
0.41                                    20.1744149
0.42                                    19.7547791
0.43                                    19.9567506
0.44                                    19.4187245
0.45                                    22.1483223
0.46                                    20.5931207
0.47                                    19.9702587
0.48                                    22.3002778
0.49                                    20.6106673
0.5                                     21.520543
0.51                                    22.823358
0.52                                    21.8086417
0.53                                    22.8909939
0.54                                    21.768813
0.55                                    24.2589135
0.56                                    23.7807538
0.57                                    22.7392849
0.58                                    23.1796759
0.59                                    26.1899055
0.6                                     24.1312111
0.61                                    25.9622176
0.62                                    23.1807597
0.63                                    25.0351577
0.64                                    25.7643334
0.65                                    24.8443278
0.66                                    25.7464194
0.67                                    25.770443
0.68                                    25.566271
0.69                                    26.5461283
0.7                                     26.185236
0.71                                    26.2163653
0.72                                    27.5119136
0.73                                    26.6118261
0.74                                    26.7283392
0.75                                    26.4885051
0.76                                    27.7522432
0.77                                    27.1278666
0.78                                    29.0312127
0.79                                    26.3108124
0.8                                     27.1375913
0.81                                    28.4657554
0.82                                    31.2462613
0.83                                    29.2578047
0.84                                    28.8770066
0.85                                    30.0489752
0.86                                    30.211129
0.87                                    31.3035744
0.88                                    31.842777
0.89                                    31.3318527
0.9                                     29.9059169
0.91                                    30.6660778
0.92                                    33.1580432
0.93                                    34.7291169
0.94                                    31.7675156
0.95                                    32.9223636
0.96                                    36.7936868
0.97                                    36.4848938
0.98                                    35.6882238
0.99                                    40.1665881
1.0                                     48.7636472
