DeePore output results including 15 single-value
paramters, 4 functions and 11 distributions
__________________________________________________
        ### Single-value parameters ###
__________________________________________________

Properties                              Value
--------------------------------------------------
Absolute Permeability (um2)             0.0028283
Formation Factor (ratio)                54.6758534
Cementation Factor (ratio)              2.2516087
pore density (1/um3)                    0.0017923
Tortuosity (ratio)                      1.5160029
Average Coordination Number             2.937958
Average Throat Radius (um)              1.367751
Average Pore Radius (um)                2.2085657
Average Throat Length (um)              6.9035455
Pore to Throat Aspect ratio             4.0513325
Specific Surface (1/um)                 0.0001542
Pore Sphericity (ratio)                 2.7050109
Grain Sphericity (ratio)                0.7876812
Average Grain Radius (um)               4.3005971
Relative Young Module (ratio)           0.2860358

__________________________________________________
       ### Functions and distributions ###
__________________________________________________


# Leveret J Function (ratio)
--------------------------------------------------
Wetting-sat (Sw)                        Value
--------------------------------------------------
0.01                                    1.0327707
0.02                                    1.1563051
0.03                                    1.1647016
0.04                                    1.0490379
0.05                                    1.0735351
0.06                                    1.0794326
0.07                                    1.1091735
0.08                                    1.0349257
0.09                                    1.0557245
0.1                                     0.9606283
0.11                                    1.0118414
0.12                                    1.102119
0.13                                    1.0188483
0.14                                    1.0238755
0.15                                    0.9488197
0.16                                    0.9326514
0.17                                    1.0456501
0.18                                    0.8566684
0.19                                    0.9103592
0.2                                     0.986438
0.21                                    0.9955979
0.22                                    0.9768981
0.23                                    1.0385577
0.24                                    0.9003758
0.25                                    1.0043483
0.26                                    0.8312791
0.27                                    0.9353528
0.28                                    0.9423353
0.29                                    0.8317029
0.3                                     0.9395358
0.31                                    0.920617
0.32                                    0.938843
0.33                                    0.9751831
0.34                                    0.8972781
0.35                                    0.9020602
0.36                                    0.9959885
0.37                                    0.9661757
0.38                                    0.9027981
0.39                                    0.9712076
0.4                                     1.0518004
0.41                                    1.0012314
0.42                                    0.8721856
0.43                                    0.975961
0.44                                    0.9157015
0.45                                    0.8747868
0.46                                    0.9097375
0.47                                    0.9232583
0.48                                    0.9593167
0.49                                    0.9933932
0.5                                     0.9578545
0.51                                    0.8343202
0.52                                    0.8894707
0.53                                    0.8929298
0.54                                    0.9276234
0.55                                    0.8470016
0.56                                    0.8620042
0.57                                    0.8163275
0.58                                    0.9027279
0.59                                    1.0155794
0.6                                     0.9663193
0.61                                    0.9688279
0.62                                    0.9252917
0.63                                    0.9094328
0.64                                    0.9245192
0.65                                    0.9226894
0.66                                    0.8885093
0.67                                    0.8185653
0.68                                    0.9066913
0.69                                    0.835591
0.7                                     0.9015742
0.71                                    0.7928394
0.72                                    0.9414958
0.73                                    0.804956
0.74                                    0.8974831
0.75                                    0.9514927
0.76                                    0.8843019
0.77                                    0.831891
0.78                                    0.7554828
0.79                                    0.9603185
0.8                                     0.8269649
0.81                                    0.7615472
0.82                                    0.8530809
0.83                                    0.9543691
0.84                                    0.7916082
0.85                                    0.8339013
0.86                                    0.8701264
0.87                                    0.7822607
0.88                                    0.7886041
0.89                                    0.9454257
0.9                                     0.8573609
0.91                                    0.8887526
0.92                                    0.8730752
0.93                                    0.8039632
0.94                                    0.7528417
0.95                                    0.7549252
0.96                                    0.6805458
0.97                                    0.8117331
0.98                                    0.6621223
0.99                                    0.602866
1.0                                     0.3688799


# Wetting Relative Permeability (fraction)
--------------------------------------------------
Wetting-sat (Sw)                        Value
--------------------------------------------------
0.01                                    0.0211331
0.02                                    0.0186318
0.03                                    0.0146344
0.04                                    0.0182905
0.05                                    0.0171246
0.06                                    0.0249745
0.07                                    0.0136487
0.08                                    0.0278752
0.09                                    0.0195858
0.1                                     0.0154028
0.11                                    0.0126286
0.12                                    0.0227997
0.13                                    0.0187448
0.14                                    0.0187814
0.15                                    0.0104145
0.16                                    0.0239568
0.17                                    0.0203303
0.18                                    0.026089
0.19                                    0.0117144
0.2                                     0.0215221
0.21                                    0.0256396
0.22                                    0.0135951
0.23                                    0.0183456
0.24                                    0.02574
0.25                                    0.0376435
0.26                                    0.042439
0.27                                    0.0408006
0.28                                    0.0282197
0.29                                    0.0542328
0.3                                     0.0487011
0.31                                    0.050266
0.32                                    0.0548257
0.33                                    0.0532934
0.34                                    0.0551675
0.35                                    0.0636468
0.36                                    0.0664189
0.37                                    0.0714595
0.38                                    0.0724168
0.39                                    0.0906754
0.4                                     0.094574
0.41                                    0.0883443
0.42                                    0.0864317
0.43                                    0.1060849
0.44                                    0.1003839
0.45                                    0.1294873
0.46                                    0.122163
0.47                                    0.1167459
0.48                                    0.1232653
0.49                                    0.1287687
0.5                                     0.133877
0.51                                    0.1538671
0.52                                    0.1642413
0.53                                    0.1572106
0.54                                    0.160088
0.55                                    0.1849759
0.56                                    0.1980233
0.57                                    0.1978126
0.58                                    0.2046524
0.59                                    0.1924201
0.6                                     0.1986567
0.61                                    0.22368
0.62                                    0.2349505
0.63                                    0.2424935
0.64                                    0.2491985
0.65                                    0.2654224
0.66                                    0.283811
0.67                                    0.2694568
0.68                                    0.289194
0.69                                    0.3182966
0.7                                     0.2753336
0.71                                    0.3025461
0.72                                    0.2812778
0.73                                    0.3152086
0.74                                    0.3501903
0.75                                    0.3429965
0.76                                    0.3574139
0.77                                    0.3730462
0.78                                    0.3821681
0.79                                    0.377741
0.8                                     0.4468881
0.81                                    0.42833
0.82                                    0.4302659
0.83                                    0.4362764
0.84                                    0.4383817
0.85                                    0.4877849
0.86                                    0.4750522
0.87                                    0.5014108
0.88                                    0.5308439
0.89                                    0.5438938
0.9                                     0.5418056
0.91                                    0.5564251
0.92                                    0.5902715
0.93                                    0.6111358
0.94                                    0.6489282
0.95                                    0.6941309
0.96                                    0.6875937
0.97                                    0.7223489
0.98                                    0.7165724
0.99                                    0.7487179
1.0                                     0.9840952


# Non-Wetting Relative Permeability (fraction)
--------------------------------------------------
Wetting-sat (Sw)                        Value
--------------------------------------------------
0.01                                    0.9836452
0.02                                    0.9685043
0.03                                    0.9581434
0.04                                    0.9545196
0.05                                    0.948116
0.06                                    0.9365042
0.07                                    0.9228169
0.08                                    0.9017124
0.09                                    0.9017788
0.1                                     0.8928002
0.11                                    0.883027
0.12                                    0.8633575
0.13                                    0.833393
0.14                                    0.842463
0.15                                    0.8346155
0.16                                    0.8146603
0.17                                    0.8095715
0.18                                    0.7770398
0.19                                    0.7713132
0.2                                     0.7919052
0.21                                    0.7596192
0.22                                    0.7460454
0.23                                    0.7413049
0.24                                    0.7048281
0.25                                    0.7187394
0.26                                    0.6978562
0.27                                    0.7023253
0.28                                    0.6868297
0.29                                    0.6694304
0.3                                     0.6779835
0.31                                    0.6492171
0.32                                    0.6574529
0.33                                    0.6462364
0.34                                    0.6470832
0.35                                    0.6331151
0.36                                    0.6356024
0.37                                    0.605842
0.38                                    0.5999529
0.39                                    0.6078869
0.4                                     0.5919284
0.41                                    0.5995141
0.42                                    0.6182177
0.43                                    0.6130171
0.44                                    0.597877
0.45                                    0.5968213
0.46                                    0.5563538
0.47                                    0.5674452
0.48                                    0.5634071
0.49                                    0.5415635
0.5                                     0.5523109
0.51                                    0.525569
0.52                                    0.5132346
0.53                                    0.5590959
0.54                                    0.5519465
0.55                                    0.5030707
0.56                                    0.5185539
0.57                                    0.4985613
0.58                                    0.4901018
0.59                                    0.4893512
0.6                                     0.4778742
0.61                                    0.4472744
0.62                                    0.4522082
0.63                                    0.4638581
0.64                                    0.4325657
0.65                                    0.4433407
0.66                                    0.4244121
0.67                                    0.4261218
0.68                                    0.4197221
0.69                                    0.4205762
0.7                                     0.3995547
0.71                                    0.3986754
0.72                                    0.3793101
0.73                                    0.3825181
0.74                                    0.3608821
0.75                                    0.3454121
0.76                                    0.3335723
0.77                                    0.3550784
0.78                                    0.3296983
0.79                                    0.3247775
0.8                                     0.2892275
0.81                                    0.2867848
0.82                                    0.2832429
0.83                                    0.2865028
0.84                                    0.2345098
0.85                                    0.2565134
0.86                                    0.2267655
0.87                                    0.1854375
0.88                                    0.1770586
0.89                                    0.148774
0.9                                     0.1700989
0.91                                    0.1248363
0.92                                    0.0928888
0.93                                    0.099032
0.94                                    0.0649568
0.95                                    0.0572288
0.96                                    0.0537032
0.97                                    0.0430203
0.98                                    0.0342029
0.99                                    0.037065
1.0                                     0.0251308


# Two-point Correlation Function (1/um)
--------------------------------------------------
lag (px)                                Value
--------------------------------------------------
0.5                                     0.180752
1.0                                     0.1689588
1.5                                     0.1596782
2.0                                     0.1644891
2.5                                     0.165548
3.0                                     0.1584121
3.5                                     0.1422326
4.0                                     0.1502622
4.5                                     0.1428609
5.0                                     0.139713
5.5                                     0.1391373
6.0                                     0.1188076
6.5                                     0.1266039
7.0                                     0.1213401
7.5                                     0.1189053
8.0                                     0.109438
8.5                                     0.1241974
9.0                                     0.1070743
9.5                                     0.0998706
10.0                                    0.106296
10.5                                    0.0991514
11.0                                    0.0966173
11.5                                    0.0923432
12.0                                    0.1002762
12.5                                    0.0950312
13.0                                    0.0908904
13.5                                    0.087753
14.0                                    0.09178
14.5                                    0.0953492
15.0                                    0.0830424
15.5                                    0.0836565
16.0                                    0.0852354
16.5                                    0.0829929
17.0                                    0.0745115
17.5                                    0.0744453
18.0                                    0.0712458
18.5                                    0.0774917
19.0                                    0.074801
19.5                                    0.0771292
20.0                                    0.0771477
20.5                                    0.0679428
21.0                                    0.0649269
21.5                                    0.0694666
22.0                                    0.0714432
22.5                                    0.0702725
23.0                                    0.0661466
23.5                                    0.0680511
24.0                                    0.0660957
24.5                                    0.0651773
25.0                                    0.0640271
25.5                                    0.0636698
26.0                                    0.0688916
26.5                                    0.0670852
27.0                                    0.065687
27.5                                    0.0617095
28.0                                    0.0628054
28.5                                    0.0677123
29.0                                    0.0630163
29.5                                    0.0645673
30.0                                    0.0596917
30.5                                    0.0568046
31.0                                    0.0661407
31.5                                    0.0610384
32.0                                    0.0602381
32.5                                    0.0625845
33.0                                    0.0660315
33.5                                    0.0588121
34.0                                    0.0576553
34.5                                    0.0563236
35.0                                    0.0596975
35.5                                    0.05561
36.0                                    0.0551111
36.5                                    0.0591924
37.0                                    0.0574504
37.5                                    0.0591934
38.0                                    0.0633472
38.5                                    0.0574869
39.0                                    0.0589174
39.5                                    0.0579651
40.0                                    0.0566947
40.5                                    0.0613837
41.0                                    0.0622245
41.5                                    0.0565879
42.0                                    0.0565038
42.5                                    0.0569915
43.0                                    0.057557
43.5                                    0.0601399
44.0                                    0.0562051
44.5                                    0.0593767
45.0                                    0.0590561
45.5                                    0.053862
46.0                                    0.0527817
46.5                                    0.0564519
47.0                                    0.0556288
47.5                                    0.0558058
48.0                                    0.0550761
48.5                                    0.0546277
49.0                                    0.0565787
49.5                                    0.0557697
50.0                                    0.0582417


# Pore Radius Distribution (um)
--------------------------------------------------
Cumulative probability                  Value
--------------------------------------------------
0.01                                    3.8072905
0.02                                    5.1691106
0.03                                    5.322239
0.04                                    5.5413309
0.05                                    5.5986065
0.06                                    5.8953547
0.07                                    6.621286
0.08                                    6.9007887
0.09                                    6.8516428
0.1                                     7.0325876
0.11                                    8.8710349
0.12                                    7.1279446
0.13                                    7.5089335
0.14                                    8.3002448
0.15                                    9.2502637
0.16                                    9.2678762
0.17                                    8.3914445
0.18                                    8.6064782
0.19                                    8.9522719
0.2                                     9.3435226
0.21                                    10.6525271
0.22                                    9.6577655
0.23                                    9.4331255
0.24                                    9.7168038
0.25                                    11.2663343
0.26                                    9.194784
0.27                                    8.8840025
0.28                                    9.6307201
0.29                                    9.536664
0.3                                     11.143043
0.31                                    10.1547573
0.32                                    10.9807019
0.33                                    12.0697747
0.34                                    11.4217351
0.35                                    12.3274865
0.36                                    12.1046364
0.37                                    10.831867
0.38                                    11.2355192
0.39                                    11.2462108
0.4                                     11.2675526
0.41                                    12.139222
0.42                                    10.9936659
0.43                                    11.1143857
0.44                                    11.9524511
0.45                                    10.7611536
0.46                                    11.5251323
0.47                                    11.6638224
0.48                                    12.4633822
0.49                                    12.5315837
0.5                                     12.4314864
0.51                                    13.3933496
0.52                                    12.7280104
0.53                                    12.5725499
0.54                                    12.4429211
0.55                                    12.9336855
0.56                                    12.8827066
0.57                                    13.6329581
0.58                                    12.6697215
0.59                                    13.3324461
0.6                                     14.1540954
0.61                                    14.4986616
0.62                                    14.5157686
0.63                                    14.6415773
0.64                                    13.3348259
0.65                                    14.2926112
0.66                                    14.6907581
0.67                                    14.0124594
0.68                                    14.2767509
0.69                                    15.5838748
0.7                                     14.192224
0.71                                    15.1934324
0.72                                    13.8154199
0.73                                    15.471775
0.74                                    13.4853984
0.75                                    14.7808069
0.76                                    14.2062513
0.77                                    16.5573332
0.78                                    14.9999038
0.79                                    14.5733345
0.8                                     16.6527681
0.81                                    16.0911802
0.82                                    15.2397224
0.83                                    15.6285565
0.84                                    15.364865
0.85                                    16.0462214
0.86                                    15.4083074
0.87                                    15.2955388
0.88                                    16.2046038
0.89                                    16.7076626
0.9                                     15.8799088
0.91                                    15.5708952
0.92                                    15.4342482
0.93                                    17.2207468
0.94                                    15.6215989
0.95                                    16.9734852
0.96                                    17.2989655
0.97                                    18.7852834
0.98                                    18.1975473
0.99                                    20.0025566
1.0                                     22.1226005


# Throat Radius Distribution (um)
--------------------------------------------------
Cumulative probability                  Value
--------------------------------------------------
0.01                                    2.261202
0.02                                    3.1733733
0.03                                    4.0554755
0.04                                    3.6781379
0.05                                    4.5369615
0.06                                    4.6831756
0.07                                    5.6192195
0.08                                    5.6120473
0.09                                    5.0992802
0.1                                     5.8542946
0.11                                    6.2441466
0.12                                    5.4860817
0.13                                    6.5832286
0.14                                    7.3107514
0.15                                    6.1353109
0.16                                    7.1598153
0.17                                    7.2647647
0.18                                    8.38257
0.19                                    8.2371996
0.2                                     7.7853451
0.21                                    6.9971596
0.22                                    6.7781588
0.23                                    8.3658906
0.24                                    8.0439423
0.25                                    8.0557382
0.26                                    7.7519859
0.27                                    8.4664245
0.28                                    7.6974162
0.29                                    8.0598037
0.3                                     8.4107252
0.31                                    8.2103598
0.32                                    7.9391047
0.33                                    8.8907976
0.34                                    9.4038516
0.35                                    8.7406701
0.36                                    8.6192669
0.37                                    8.5548545
0.38                                    9.4747254
0.39                                    8.434594
0.4                                     9.1105859
0.41                                    10.0153469
0.42                                    8.5257868
0.43                                    9.1467495
0.44                                    9.4657671
0.45                                    9.6621938
0.46                                    9.4953682
0.47                                    9.7827041
0.48                                    9.7787538
0.49                                    9.6127602
0.5                                     10.0219065
0.51                                    10.4153729
0.52                                    9.8869638
0.53                                    10.3975602
0.54                                    10.5550849
0.55                                    10.1070722
0.56                                    10.9059525
0.57                                    9.9737682
0.58                                    10.3463325
0.59                                    10.5743052
0.6                                     11.0254166
0.61                                    11.2634369
0.62                                    11.6432955
0.63                                    11.2160361
0.64                                    11.8056765
0.65                                    10.9019909
0.66                                    10.6032877
0.67                                    11.5167955
0.68                                    11.1672193
0.69                                    11.1176126
0.7                                     11.3640007
0.71                                    11.6077028
0.72                                    12.5346929
0.73                                    11.9380446
0.74                                    12.8863421
0.75                                    11.2295625
0.76                                    11.4820862
0.77                                    12.0718464
0.78                                    13.2334344
0.79                                    11.7000861
0.8                                     12.7689875
0.81                                    12.905655
0.82                                    12.3423533
0.83                                    14.0406338
0.84                                    14.2683566
0.85                                    12.3229374
0.86                                    11.795934
0.87                                    14.1027982
0.88                                    12.9150139
0.89                                    13.8565945
0.9                                     13.3094471
0.91                                    15.0647849
0.92                                    13.3151054
0.93                                    14.2777996
0.94                                    16.660496
0.95                                    15.3530062
0.96                                    14.0065657
0.97                                    15.0574962
0.98                                    14.6166159
0.99                                    16.0681527
1.0                                     21.1342533


# Throat Lenght Distribution (um)
--------------------------------------------------
Cumulative probability                  Value
--------------------------------------------------
0.01                                    16.3964235
0.02                                    19.5566392
0.03                                    20.6828169
0.04                                    23.7396087
0.05                                    24.126049
0.06                                    23.1609677
0.07                                    24.2922466
0.08                                    25.3753145
0.09                                    26.8169191
0.1                                     26.7149402
0.11                                    26.1574971
0.12                                    25.8494921
0.13                                    25.82593
0.14                                    27.9858693
0.15                                    26.5439623
0.16                                    29.6254507
0.17                                    28.8823553
0.18                                    29.2632163
0.19                                    29.3766274
0.2                                     25.5695708
0.21                                    30.8510422
0.22                                    27.6639291
0.23                                    29.6650618
0.24                                    31.4833454
0.25                                    31.9570262
0.26                                    29.845592
0.27                                    29.0529316
0.28                                    28.8752749
0.29                                    28.109075
0.3                                     29.5116918
0.31                                    31.6481496
0.32                                    31.1882177
0.33                                    29.1368181
0.34                                    29.6433816
0.35                                    31.8249886
0.36                                    31.6547891
0.37                                    29.267804
0.38                                    32.9023734
0.39                                    32.976306
0.4                                     34.7357951
0.41                                    30.8264056
0.42                                    31.8823608
0.43                                    34.8388278
0.44                                    33.8050083
0.45                                    32.5824477
0.46                                    32.7709321
0.47                                    32.4470375
0.48                                    32.6613055
0.49                                    33.1795557
0.5                                     31.9867474
0.51                                    35.8288625
0.52                                    35.9371848
0.53                                    33.547204
0.54                                    32.9507315
0.55                                    34.0293296
0.56                                    32.6942791
0.57                                    35.3680589
0.58                                    36.8031649
0.59                                    33.7062093
0.6                                     35.3782324
0.61                                    36.6191358
0.62                                    39.2232189
0.63                                    34.7230089
0.64                                    34.4745292
0.65                                    38.2928669
0.66                                    34.086975
0.67                                    37.9565754
0.68                                    38.523722
0.69                                    35.9371972
0.7                                     40.5254385
0.71                                    37.5327474
0.72                                    39.6564253
0.73                                    38.9174768
0.74                                    35.7992592
0.75                                    37.0079219
0.76                                    40.8189244
0.77                                    39.9901869
0.78                                    38.2100879
0.79                                    37.6402872
0.8                                     40.9447035
0.81                                    36.7451882
0.82                                    39.1534622
0.83                                    37.3347686
0.84                                    40.729889
0.85                                    39.4888054
0.86                                    40.0426483
0.87                                    42.2904656
0.88                                    39.3068632
0.89                                    43.7731534
0.9                                     41.8622321
0.91                                    41.0013594
0.92                                    40.9924695
0.93                                    45.3812145
0.94                                    46.0527664
0.95                                    44.8611258
0.96                                    40.9028668
0.97                                    46.7205835
0.98                                    44.6603852
0.99                                    49.5385494
1.0                                     57.1462321


# Pore Inscribed Radius Distribution (um)
--------------------------------------------------
Cumulative probability                  Value
--------------------------------------------------
0.01                                    2.6797131
0.02                                    2.8152715
0.03                                    3.0917738
0.04                                    3.2902472
0.05                                    3.4367498
0.06                                    3.6133994
0.07                                    3.9846266
0.08                                    4.1740648
0.09                                    4.2581001
0.1                                     4.6255254
0.11                                    4.7287529
0.12                                    5.4152166
0.13                                    6.3652739
0.14                                    6.0380091
0.15                                    5.7711748
0.16                                    5.3024813
0.17                                    5.6801366
0.18                                    6.2487661
0.19                                    6.8132833
0.2                                     6.0715707
0.21                                    6.8482132
0.22                                    7.4477057
0.23                                    7.5269616
0.24                                    7.4803093
0.25                                    6.358198
0.26                                    7.3544089
0.27                                    7.0742497
0.28                                    6.8620272
0.29                                    7.7072951
0.3                                     7.1115803
0.31                                    7.8749099
0.32                                    7.681246
0.33                                    7.4635493
0.34                                    7.735323
0.35                                    7.5668372
0.36                                    7.3515703
0.37                                    8.5944366
0.38                                    9.0351133
0.39                                    8.8859646
0.4                                     8.6766342
0.41                                    8.6483214
0.42                                    8.3532545
0.43                                    8.9760753
0.44                                    8.0231641
0.45                                    8.3253594
0.46                                    8.8261861
0.47                                    8.4104033
0.48                                    8.5391582
0.49                                    9.7775929
0.5                                     9.2277196
0.51                                    9.0695681
0.52                                    10.2229135
0.53                                    9.8870513
0.54                                    10.3975862
0.55                                    10.375607
0.56                                    10.856646
0.57                                    9.6938364
0.58                                    10.6162155
0.59                                    9.4505083
0.6                                     10.3849736
0.61                                    9.1721322
0.62                                    9.4850222
0.63                                    10.8048584
0.64                                    10.4301937
0.65                                    10.338121
0.66                                    10.2465029
0.67                                    10.3448202
0.68                                    10.2571578
0.69                                    10.5195194
0.7                                     11.3417424
0.71                                    11.3339004
0.72                                    9.8631401
0.73                                    10.3452457
0.74                                    10.6348571
0.75                                    10.8923899
0.76                                    12.0627487
0.77                                    12.1019339
0.78                                    11.1092653
0.79                                    11.0763136
0.8                                     11.3055593
0.81                                    11.0261876
0.82                                    11.4246574
0.83                                    11.5940553
0.84                                    10.7770754
0.85                                    11.3607127
0.86                                    12.0508971
0.87                                    12.2530258
0.88                                    13.1493425
0.89                                    13.2070015
0.9                                     12.3243973
0.91                                    12.667522
0.92                                    12.3913544
0.93                                    12.6810805
0.94                                    13.1101282
0.95                                    12.4559908
0.96                                    13.1944085
0.97                                    13.0451152
0.98                                    13.3264916
0.99                                    14.8030001
1.0                                     18.5753313


# Throat Inscribed Radius Distribution (um)
--------------------------------------------------
Cumulative probability                  Value
--------------------------------------------------
0.01                                    2.0808308
0.02                                    1.8128333
0.03                                    2.4728569
0.04                                    2.1891965
0.05                                    2.6774518
0.06                                    2.7961465
0.07                                    2.5503441
0.08                                    2.5751778
0.09                                    2.8850954
0.1                                     3.0784458
0.11                                    4.0842766
0.12                                    3.6295383
0.13                                    3.7298122
0.14                                    3.8091542
0.15                                    3.6145907
0.16                                    3.8719479
0.17                                    3.2493712
0.18                                    3.6377958
0.19                                    4.2695689
0.2                                     3.8263684
0.21                                    4.5028028
0.22                                    4.4461212
0.23                                    4.1049757
0.24                                    4.7477525
0.25                                    4.5066581
0.26                                    4.8252243
0.27                                    5.0605071
0.28                                    4.8797379
0.29                                    5.0900515
0.3                                     5.3689208
0.31                                    4.7662659
0.32                                    5.2751889
0.33                                    4.9600487
0.34                                    5.8274112
0.35                                    5.4015811
0.36                                    5.3946384
0.37                                    6.0159501
0.38                                    4.6899515
0.39                                    6.2932415
0.4                                     6.2421481
0.41                                    5.9480875
0.42                                    5.0541175
0.43                                    6.1394817
0.44                                    5.8527708
0.45                                    5.6983227
0.46                                    6.5384216
0.47                                    5.5045895
0.48                                    5.9792891
0.49                                    6.4775614
0.5                                     6.9005271
0.51                                    6.2193051
0.52                                    6.5340732
0.53                                    6.9679637
0.54                                    6.7768438
0.55                                    6.798709
0.56                                    6.7610252
0.57                                    6.711486
0.58                                    6.6050371
0.59                                    7.2840786
0.6                                     6.6323966
0.61                                    6.2784413
0.62                                    7.0064955
0.63                                    6.9892122
0.64                                    7.565385
0.65                                    7.6258836
0.66                                    7.5989952
0.67                                    7.310576
0.68                                    7.0753121
0.69                                    8.5527345
0.7                                     7.7102504
0.71                                    8.1829668
0.72                                    7.2395179
0.73                                    7.2367924
0.74                                    7.7142236
0.75                                    8.3500065
0.76                                    7.3379524
0.77                                    7.7972544
0.78                                    7.6404184
0.79                                    8.1989324
0.8                                     8.4130312
0.81                                    8.3939043
0.82                                    7.1874362
0.83                                    8.4597922
0.84                                    8.4348233
0.85                                    8.7324531
0.86                                    7.7100558
0.87                                    8.6029095
0.88                                    9.1831417
0.89                                    9.1276052
0.9                                     9.8416471
0.91                                    9.4149915
0.92                                    8.9310933
0.93                                    9.4064342
0.94                                    9.8314611
0.95                                    9.1964151
0.96                                    10.5272261
0.97                                    10.5768514
0.98                                    10.0468546
0.99                                    11.4717974
1.0                                     13.3443008


# Throat Average Distance (um)
--------------------------------------------------
Cumulative probability                  Value
--------------------------------------------------
0.01                                    1.664456
0.02                                    1.4949212
0.03                                    1.6795806
0.04                                    1.8867668
0.05                                    2.2425954
0.06                                    2.2343465
0.07                                    1.9023705
0.08                                    2.4222589
0.09                                    2.1135848
0.1                                     2.0620717
0.11                                    2.173865
0.12                                    2.411404
0.13                                    2.2297111
0.14                                    2.3705464
0.15                                    2.5487774
0.16                                    2.5416608
0.17                                    2.3734837
0.18                                    2.6150072
0.19                                    2.4737153
0.2                                     2.3262325
0.21                                    2.6019007
0.22                                    2.6251117
0.23                                    2.5915523
0.24                                    2.4076492
0.25                                    2.6714863
0.26                                    2.9219624
0.27                                    2.9095091
0.28                                    2.9249961
0.29                                    2.8433441
0.3                                     2.8601702
0.31                                    3.0288797
0.32                                    3.1109377
0.33                                    2.8326525
0.34                                    3.1266075
0.35                                    2.8787889
0.36                                    3.0506127
0.37                                    3.0498014
0.38                                    3.3226604
0.39                                    3.312883
0.4                                     3.3341169
0.41                                    2.9505172
0.42                                    3.1533064
0.43                                    3.3326256
0.44                                    3.4217607
0.45                                    3.4094437
0.46                                    3.9001626
0.47                                    3.807085
0.48                                    3.4172707
0.49                                    3.2330066
0.5                                     3.5799743
0.51                                    3.5383851
0.52                                    3.7951999
0.53                                    3.7544873
0.54                                    3.6985615
0.55                                    3.8586539
0.56                                    3.8239606
0.57                                    3.6441676
0.58                                    3.8507891
0.59                                    3.8428661
0.6                                     4.1320358
0.61                                    3.5138144
0.62                                    4.4764645
0.63                                    4.5638207
0.64                                    4.7814589
0.65                                    3.8462443
0.66                                    4.2958606
0.67                                    4.4055693
0.68                                    4.2803149
0.69                                    4.9225907
0.7                                     4.3963315
0.71                                    4.3547546
0.72                                    4.3955398
0.73                                    4.3570222
0.74                                    4.7524226
0.75                                    4.2555391
0.76                                    4.751659
0.77                                    5.2516149
0.78                                    4.8553723
0.79                                    4.5695127
0.8                                     4.6253517
0.81                                    5.068409
0.82                                    4.6546888
0.83                                    4.8608339
0.84                                    5.1284407
0.85                                    4.941077
0.86                                    5.5496104
0.87                                    5.2344147
0.88                                    4.4541356
0.89                                    4.9836167
0.9                                     5.0001785
0.91                                    5.1466676
0.92                                    5.4410468
0.93                                    5.0242002
0.94                                    5.7197643
0.95                                    6.0338418
0.96                                    5.6913918
0.97                                    5.8838717
0.98                                    6.4570956
0.99                                    6.5402248
1.0                                     8.9432951


# Throat Permeability Distribution (um2)
--------------------------------------------------
Cumulative probability                  Value
--------------------------------------------------
0.01                                    45.0820516
0.02                                    28.5454685
0.03                                    32.3073217
0.04                                    32.0031929
0.05                                    31.3539106
0.06                                    21.6910956
0.07                                    23.1945079
0.08                                    17.2268265
0.09                                    28.086943
0.1                                     40.8837204
0.11                                    25.6975271
0.12                                    32.7779319
0.13                                    25.6777284
0.14                                    46.612443
0.15                                    36.8065379
0.16                                    31.4962484
0.17                                    46.2017513
0.18                                    40.7104878
0.19                                    39.0065906
0.2                                     19.8286368
0.21                                    39.8577274
0.22                                    53.7372015
0.23                                    42.3771473
0.24                                    36.5908209
0.25                                    48.2482784
0.26                                    46.6917117
0.27                                    38.533267
0.28                                    43.1059331
0.29                                    64.5619883
0.3                                     38.9646077
0.31                                    57.4691951
0.32                                    61.7514823
0.33                                    29.8799786
0.34                                    49.0052007
0.35                                    47.397463
0.36                                    46.4158062
0.37                                    44.5456044
0.38                                    38.0978949
0.39                                    63.2160623
0.4                                     49.1586201
0.41                                    53.1123681
0.42                                    35.0734787
0.43                                    63.6892958
0.44                                    54.5954336
0.45                                    47.1983637
0.46                                    47.1045316
0.47                                    41.7721464
0.48                                    44.728488
0.49                                    52.6304899
0.5                                     43.0276256
0.51                                    60.3632745
0.52                                    65.7047738
0.53                                    55.9765365
0.54                                    65.6763095
0.55                                    38.0284829
0.56                                    55.8310385
0.57                                    49.3764074
0.58                                    52.0765891
0.59                                    50.3539589
0.6                                     51.2220317
0.61                                    62.3303946
0.62                                    61.4861729
0.63                                    54.8528151
0.64                                    83.5303574
0.65                                    48.5177414
0.66                                    54.1061515
0.67                                    33.5828037
0.68                                    56.2366635
0.69                                    52.5695169
0.7                                     44.0210842
0.71                                    73.2208095
0.72                                    53.6346765
0.73                                    61.3266067
0.74                                    75.2898278
0.75                                    81.1130157
0.76                                    50.7698297
0.77                                    75.4936305
0.78                                    79.2644596
0.79                                    69.0994516
0.8                                     80.0174757
0.81                                    49.5070786
0.82                                    68.6268547
0.83                                    74.0457164
0.84                                    59.5799293
0.85                                    57.8221993
0.86                                    92.8243253
0.87                                    66.4142415
0.88                                    74.2354958
0.89                                    85.5855261
0.9                                     69.8697188
0.91                                    83.7974028
0.92                                    104.7412058
0.93                                    88.463557
0.94                                    77.8506358
0.95                                    76.5872866
0.96                                    80.7932467
0.97                                    103.8058557
0.98                                    94.4053925
0.99                                    107.2545496
1.0                                     139.7064316


# Coordination Number Distribution
--------------------------------------------------
Cumulative probability                  Value
--------------------------------------------------
0.01                                    1.6638871
0.02                                    2.5474181
0.03                                    2.6584191
0.04                                    3.1276757
0.05                                    3.5862469
0.06                                    3.2851798
0.07                                    3.6240816
0.08                                    4.282294
0.09                                    4.4713123
0.1                                     3.9434588
0.11                                    4.910591
0.12                                    5.9916371
0.13                                    5.2703377
0.14                                    5.9192264
0.15                                    5.103556
0.16                                    7.0314724
0.17                                    4.9777714
0.18                                    6.479824
0.19                                    7.9179329
0.2                                     6.9200374
0.21                                    6.5888329
0.22                                    8.263882
0.23                                    7.4229291
0.24                                    8.8558402
0.25                                    9.144918
0.26                                    7.5694539
0.27                                    8.9586626
0.28                                    8.5788982
0.29                                    8.1159661
0.3                                     9.4496672
0.31                                    7.5982326
0.32                                    9.060229
0.33                                    10.4996723
0.34                                    7.892022
0.35                                    9.4995138
0.36                                    9.5157112
0.37                                    9.312843
0.38                                    10.4024485
0.39                                    9.8929983
0.4                                     9.9000162
0.41                                    7.7111107
0.42                                    9.5691539
0.43                                    10.4229141
0.44                                    9.5277402
0.45                                    9.9464873
0.46                                    8.9567278
0.47                                    10.5282646
0.48                                    9.7395643
0.49                                    9.0836876
0.5                                     10.745393
0.51                                    11.0300396
0.52                                    10.833868
0.53                                    11.1856064
0.54                                    10.3788904
0.55                                    9.6920924
0.56                                    11.3268147
0.57                                    10.5089599
0.58                                    10.730024
0.59                                    11.3516461
0.6                                     11.8957902
0.61                                    10.1564627
0.62                                    10.8970925
0.63                                    13.7219994
0.64                                    11.06676
0.65                                    12.881454
0.66                                    12.2683913
0.67                                    11.7556058
0.68                                    12.0708854
0.69                                    12.4526995
0.7                                     13.1655483
0.71                                    13.5196462
0.72                                    12.1140647
0.73                                    11.8138756
0.74                                    11.2053815
0.75                                    12.4346216
0.76                                    13.6720129
0.77                                    14.3361068
0.78                                    13.5471046
0.79                                    15.0127728
0.8                                     12.872825
0.81                                    13.3555298
0.82                                    14.0664724
0.83                                    13.4513875
0.84                                    13.22618
0.85                                    15.0674966
0.86                                    15.3748497
0.87                                    14.4378479
0.88                                    15.6868387
0.89                                    14.0567706
0.9                                     15.5840944
0.91                                    15.1546116
0.92                                    15.4054887
0.93                                    13.1997333
0.94                                    14.3597248
0.95                                    17.2118458
0.96                                    17.077992
0.97                                    17.5476507
0.98                                    16.7660801
0.99                                    19.2454777
1.0                                     25.0500201


# Pore Sphericity Distribution (ratio)
--------------------------------------------------
Cumulative probability                  Value
--------------------------------------------------
0.01                                    0.5867305
0.02                                    0.6033962
0.03                                    0.6379879
0.04                                    0.6276166
0.05                                    0.6211662
0.06                                    0.6425222
0.07                                    0.6465179
0.08                                    0.6399772
0.09                                    0.6618209
0.1                                     0.6616025
0.11                                    0.6540322
0.12                                    0.6640348
0.13                                    0.6627307
0.14                                    0.6851079
0.15                                    0.6749707
0.16                                    0.6920077
0.17                                    0.6748373
0.18                                    0.6797611
0.19                                    0.6852814
0.2                                     0.6804515
0.21                                    0.6771525
0.22                                    0.6763137
0.23                                    0.694479
0.24                                    0.6924384
0.25                                    0.6698001
0.26                                    0.696479
0.27                                    0.6835307
0.28                                    0.6802439
0.29                                    0.7013414
0.3                                     0.6763744
0.31                                    0.6813769
0.32                                    0.6935425
0.33                                    0.7019689
0.34                                    0.7038937
0.35                                    0.6975004
0.36                                    0.6888089
0.37                                    0.7096222
0.38                                    0.7042831
0.39                                    0.7077842
0.4                                     0.7100185
0.41                                    0.7099918
0.42                                    0.71409
0.43                                    0.7191295
0.44                                    0.7136969
0.45                                    0.7033506
0.46                                    0.7224677
0.47                                    0.72143
0.48                                    0.7146781
0.49                                    0.706406
0.5                                     0.7126454
0.51                                    0.7096696
0.52                                    0.735569
0.53                                    0.7174156
0.54                                    0.7202074
0.55                                    0.7138291
0.56                                    0.6950829
0.57                                    0.7416555
0.58                                    0.731758
0.59                                    0.7225875
0.6                                     0.7236448
0.61                                    0.7296993
0.62                                    0.729965
0.63                                    0.7383433
0.64                                    0.7392645
0.65                                    0.7354861
0.66                                    0.7317181
0.67                                    0.7442917
0.68                                    0.7340718
0.69                                    0.7300651
0.7                                     0.7355987
0.71                                    0.7515303
0.72                                    0.7382227
0.73                                    0.7405863
0.74                                    0.7530332
0.75                                    0.7341559
0.76                                    0.746337
0.77                                    0.7612031
0.78                                    0.736725
0.79                                    0.74903
0.8                                     0.7489269
0.81                                    0.7505789
0.82                                    0.7542037
0.83                                    0.7598659
0.84                                    0.7659526
0.85                                    0.7503583
0.86                                    0.7702243
0.87                                    0.7606791
0.88                                    0.7697008
0.89                                    0.7660669
0.9                                     0.7582159
0.91                                    0.7831522
0.92                                    0.777796
0.93                                    0.7607554
0.94                                    0.7768134
0.95                                    0.7978158
0.96                                    0.7862063
0.97                                    0.7869702
0.98                                    0.7999103
0.99                                    0.8167912
1.0                                     0.9639075


# Grain Sphericity Distribution (ratio)
--------------------------------------------------
Cumulative probability                  Value
--------------------------------------------------
0.01                                    0.5288496
0.02                                    0.5360613
0.03                                    0.5599984
0.04                                    0.5477923
0.05                                    0.572504
0.06                                    0.59738
0.07                                    0.602274
0.08                                    0.5894431
0.09                                    0.6157051
0.1                                     0.62312
0.11                                    0.6227693
0.12                                    0.6268318
0.13                                    0.6342269
0.14                                    0.6416206
0.15                                    0.6493908
0.16                                    0.6483549
0.17                                    0.6644545
0.18                                    0.6584807
0.19                                    0.6635695
0.2                                     0.6984487
0.21                                    0.6687977
0.22                                    0.6805161
0.23                                    0.6962521
0.24                                    0.6931803
0.25                                    0.6843247
0.26                                    0.6911068
0.27                                    0.6866187
0.28                                    0.6965965
0.29                                    0.7108613
0.3                                     0.7038798
0.31                                    0.7118406
0.32                                    0.7018227
0.33                                    0.6986009
0.34                                    0.7075223
0.35                                    0.7151259
0.36                                    0.719653
0.37                                    0.7331142
0.38                                    0.7102181
0.39                                    0.7449727
0.4                                     0.7362312
0.41                                    0.7373191
0.42                                    0.7295618
0.43                                    0.7381123
0.44                                    0.7276994
0.45                                    0.7199142
0.46                                    0.7440823
0.47                                    0.7512119
0.48                                    0.7526076
0.49                                    0.7267346
0.5                                     0.7472955
0.51                                    0.7287516
0.52                                    0.7446647
0.53                                    0.7603919
0.54                                    0.7584621
0.55                                    0.7620884
0.56                                    0.738556
0.57                                    0.746751
0.58                                    0.758788
0.59                                    0.7496001
0.6                                     0.7586734
0.61                                    0.7469858
0.62                                    0.7469297
0.63                                    0.7527065
0.64                                    0.774659
0.65                                    0.7698275
0.66                                    0.7558904
0.67                                    0.7851513
0.68                                    0.7778737
0.69                                    0.7806431
0.7                                     0.7767818
0.71                                    0.7922675
0.72                                    0.7896503
0.73                                    0.7692002
0.74                                    0.7962385
0.75                                    0.7868726
0.76                                    0.7837483
0.77                                    0.7881002
0.78                                    0.8054635
0.79                                    0.8032036
0.8                                     0.802791
0.81                                    0.8187881
0.82                                    0.8279216
0.83                                    0.8102987
0.84                                    0.8208682
0.85                                    0.8230074
0.86                                    0.8219036
0.87                                    0.8241557
0.88                                    0.835731
0.89                                    0.8353836
0.9                                     0.8458269
0.91                                    0.8376323
0.92                                    0.8479681
0.93                                    0.8571967
0.94                                    0.8468629
0.95                                    0.8780496
0.96                                    0.8639146
0.97                                    0.8868684
0.98                                    0.8993416
0.99                                    0.9167213
1.0                                     0.9653012


# Grain Radius Distribution (um)
--------------------------------------------------
Cumulative probability                  Value
--------------------------------------------------
0.01                                    8.7000137
0.02                                    10.2540504
0.03                                    12.1990497
0.04                                    13.1818752
0.05                                    12.8000617
0.06                                    14.2947012
0.07                                    15.7797332
0.08                                    15.0262446
0.09                                    16.2867667
0.1                                     15.3515846
0.11                                    15.0195857
0.12                                    17.804788
0.13                                    18.4807451
0.14                                    16.3484089
0.15                                    15.1949157
0.16                                    17.579547
0.17                                    16.8061818
0.18                                    16.0120736
0.19                                    16.5256256
0.2                                     17.3847726
0.21                                    18.9359844
0.22                                    18.2072762
0.23                                    20.0671895
0.24                                    18.4637648
0.25                                    17.8452989
0.26                                    17.6124825
0.27                                    20.6217394
0.28                                    18.6009453
0.29                                    19.2347281
0.3                                     18.7240588
0.31                                    20.0127493
0.32                                    21.694982
0.33                                    18.4862165
0.34                                    22.3090969
0.35                                    18.8129467
0.36                                    22.2727172
0.37                                    22.4261519
0.38                                    20.7655264
0.39                                    21.8358557
0.4                                     21.2234324
0.41                                    20.395339
0.42                                    21.7560444
0.43                                    23.6120632
0.44                                    19.5175751
0.45                                    21.5374611
0.46                                    21.0195008
0.47                                    22.5182924
0.48                                    22.416725
0.49                                    22.4520283
0.5                                     21.0283895
0.51                                    21.0514844
0.52                                    21.5659713
0.53                                    25.213883
0.54                                    23.9466642
0.55                                    21.5031489
0.56                                    22.1466966
0.57                                    22.8608141
0.58                                    22.8275881
0.59                                    23.886129
0.6                                     23.8697259
0.61                                    24.6930533
0.62                                    24.3152405
0.63                                    23.4452326
0.64                                    23.1609222
0.65                                    27.7481912
0.66                                    24.2629459
0.67                                    24.0040408
0.68                                    24.1735881
0.69                                    26.2172001
0.7                                     25.3587207
0.71                                    25.8059562
0.72                                    26.5456328
0.73                                    26.5529507
0.74                                    26.05913
0.75                                    24.8720959
0.76                                    28.2757115
0.77                                    27.6217947
0.78                                    26.22671
0.79                                    27.567357
0.8                                     28.6528897
0.81                                    27.1911869
0.82                                    27.2864347
0.83                                    28.1503329
0.84                                    29.391109
0.85                                    27.870033
0.86                                    27.4383707
0.87                                    30.4779794
0.88                                    27.6454767
0.89                                    29.1229015
0.9                                     29.8256834
0.91                                    29.9953162
0.92                                    30.162281
0.93                                    32.0082626
0.94                                    31.4570311
0.95                                    33.0067491
0.96                                    31.0400681
0.97                                    33.5187719
0.98                                    33.0179482
0.99                                    37.4060613
1.0                                     44.6369729
