DeePore output results including 15 single-value
paramters, 4 functions and 11 distributions
__________________________________________________
        ### Single-value parameters ###
__________________________________________________

Properties                              Value
--------------------------------------------------
Absolute Permeability (um2)             1.3869553
Formation Factor (ratio)                2.5435922
Cementation Factor (ratio)              2.1561356
pore density (1/um3)                    0.0004742
Tortuosity (ratio)                      1.2674496
Average Coordination Number             5.3665214
Average Throat Radius (um)              3.7619313
Average Pore Radius (um)                4.7039868
Average Throat Length (um)              12.6127518
Pore to Throat Aspect ratio             12.9728397
Specific Surface (1/um)                 0.0004234
Pore Sphericity (ratio)                 8.6659088
Grain Sphericity (ratio)                0.7418469
Average Grain Radius (um)               2.7189944
Relative Young Module (ratio)           0.3062986

__________________________________________________
       ### Functions and distributions ###
__________________________________________________


# Leveret J Function (ratio)
--------------------------------------------------
Wetting-sat (Sw)                        Value
--------------------------------------------------
0.01                                    3.6565134
0.02                                    4.5916526
0.03                                    3.5253097
0.04                                    3.4060287
0.05                                    3.343098
0.06                                    3.8343211
0.07                                    3.4572404
0.08                                    2.6597215
0.09                                    3.0545046
0.1                                     3.4801219
0.11                                    3.4014993
0.12                                    2.1739847
0.13                                    3.6884009
0.14                                    2.8281076
0.15                                    2.8584054
0.16                                    2.439112
0.17                                    2.3529608
0.18                                    2.8907389
0.19                                    2.3491455
0.2                                     2.3126138
0.21                                    2.4244395
0.22                                    3.2796819
0.23                                    1.893282
0.24                                    1.9487642
0.25                                    2.0891671
0.26                                    2.2296154
0.27                                    2.2614003
0.28                                    2.6503843
0.29                                    1.9873767
0.3                                     2.642963
0.31                                    1.9672183
0.32                                    2.6370075
0.33                                    3.0378626
0.34                                    1.7857649
0.35                                    1.9048319
0.36                                    2.2555443
0.37                                    2.1510461
0.38                                    1.6708509
0.39                                    2.2117228
0.4                                     2.3144924
0.41                                    1.5786126
0.42                                    1.7957208
0.43                                    1.5747065
0.44                                    2.7780122
0.45                                    2.328095
0.46                                    1.4899759
0.47                                    2.2864414
0.48                                    2.6481052
0.49                                    1.3160354
0.5                                     2.3973833
0.51                                    2.1197641
0.52                                    2.752058
0.53                                    2.0577018
0.54                                    1.8774329
0.55                                    1.8451332
0.56                                    2.2951927
0.57                                    1.8504132
0.58                                    2.6315564
0.59                                    2.1672859
0.6                                     1.5947736
0.61                                    1.4441663
0.62                                    2.0922542
0.63                                    1.750131
0.64                                    1.534481
0.65                                    1.2677929
0.66                                    1.8243673
0.67                                    2.3637868
0.68                                    0.8476714
0.69                                    1.8838599
0.7                                     2.1075607
0.71                                    1.5338418
0.72                                    2.2419314
0.73                                    2.1515555
0.74                                    1.5497136
0.75                                    2.0163416
0.76                                    1.2763068
0.77                                    2.5382714
0.78                                    2.1058755
0.79                                    1.7465252
0.8                                     1.4674511
0.81                                    1.794981
0.82                                    1.6820035
0.83                                    2.3774052
0.84                                    1.0395502
0.85                                    1.4547526
0.86                                    2.146137
0.87                                    1.6984227
0.88                                    1.0291553
0.89                                    1.4284604
0.9                                     1.3058716
0.91                                    1.7957513
0.92                                    1.922959
0.93                                    1.289521
0.94                                    1.0583643
0.95                                    1.2359466
0.96                                    1.2140575
0.97                                    1.8165056
0.98                                    1.5815076
0.99                                    2.1765086
1.0                                     0.434312


# Wetting Relative Permeability (fraction)
--------------------------------------------------
Wetting-sat (Sw)                        Value
--------------------------------------------------
0.01                                    0.0050795
0.02                                    0.0092518
0.03                                    0.0107581
0.04                                    0.0095833
0.05                                    0.0137249
0.06                                    0.0050074
0.07                                    0.033042
0.08                                    0.0039538
0.09                                    0.0031603
0.1                                     0.0132652
0.11                                    0.025157
0.12                                    0.0011166
0.13                                    0.0191423
0.14                                    0.0095905
0.15                                    0.0322835
0.16                                    0.0018438
0.17                                    0.0031544
0.18                                    0.0063165
0.19                                    0.0095626
0.2                                     0.0078087
0.21                                    0.0045112
0.22                                    0.032681
0.23                                    0.0254414
0.24                                    0.0097477
0.25                                    0.0026045
0.26                                    0.0211468
0.27                                    0.010488
0.28                                    0.0484223
0.29                                    0.0188922
0.3                                     0.0287542
0.31                                    0.0130107
0.32                                    0.029632
0.33                                    0.0291093
0.34                                    0.03165
0.35                                    0.0271374
0.36                                    0.0323973
0.37                                    0.0427083
0.38                                    0.0368298
0.39                                    0.0216169
0.4                                     0.0353668
0.41                                    0.0299813
0.42                                    0.0344238
0.43                                    0.0538706
0.44                                    0.0239544
0.45                                    0.0277384
0.46                                    0.0324416
0.47                                    0.0288473
0.48                                    0.043074
0.49                                    0.0312064
0.5                                     0.0133586
0.51                                    0.0280458
0.52                                    0.01587
0.53                                    0.0310951
0.54                                    0.0433908
0.55                                    0.0225003
0.56                                    0.0200386
0.57                                    0.0413652
0.58                                    0.028717
0.59                                    0.035699
0.6                                     0.0366466
0.61                                    0.0352245
0.62                                    0.0213581
0.63                                    0.033257
0.64                                    0.0255989
0.65                                    0.018689
0.66                                    0.032094
0.67                                    0.0325756
0.68                                    0.045893
0.69                                    0.0518539
0.7                                     0.0509869
0.71                                    0.0461179
0.72                                    0.0670721
0.73                                    0.0673026
0.74                                    0.0411903
0.75                                    0.0432672
0.76                                    0.0715047
0.77                                    0.0613211
0.78                                    0.0698814
0.79                                    0.0898622
0.8                                     0.0400732
0.81                                    0.1050942
0.82                                    0.0842359
0.83                                    0.1008288
0.84                                    0.0862442
0.85                                    0.1753835
0.86                                    0.1668717
0.87                                    0.091742
0.88                                    0.1332821
0.89                                    0.1251001
0.9                                     0.2360548
0.91                                    0.22265
0.92                                    0.204814
0.93                                    0.1638388
0.94                                    0.2311818
0.95                                    0.3131845
0.96                                    0.257832
0.97                                    0.3397335
0.98                                    0.2574227
0.99                                    0.1901208
1.0                                     0.9853678


# Non-Wetting Relative Permeability (fraction)
--------------------------------------------------
Wetting-sat (Sw)                        Value
--------------------------------------------------
0.01                                    0.9962724
0.02                                    0.8746741
0.03                                    0.720683
0.04                                    0.8403399
0.05                                    0.8862818
0.06                                    0.8673656
0.07                                    0.8868935
0.08                                    0.9169214
0.09                                    0.9280953
0.1                                     0.9482093
0.11                                    0.9375583
0.12                                    0.9468617
0.13                                    0.8657155
0.14                                    0.8952535
0.15                                    0.8944319
0.16                                    0.8794646
0.17                                    0.9368769
0.18                                    0.9352243
0.19                                    0.9054532
0.2                                     0.9087932
0.21                                    0.8808761
0.22                                    0.9119099
0.23                                    0.8898478
0.24                                    0.8962753
0.25                                    0.901547
0.26                                    0.9039658
0.27                                    0.92732
0.28                                    0.901647
0.29                                    0.8284391
0.3                                     0.8892457
0.31                                    0.9543334
0.32                                    0.8794303
0.33                                    0.9107461
0.34                                    0.8746465
0.35                                    0.8832717
0.36                                    0.8529861
0.37                                    0.8273596
0.38                                    0.874393
0.39                                    0.881232
0.4                                     0.8722324
0.41                                    0.8453081
0.42                                    0.8978344
0.43                                    0.9248279
0.44                                    0.8297238
0.45                                    0.8151532
0.46                                    0.8377737
0.47                                    0.8102624
0.48                                    0.899964
0.49                                    0.7358431
0.5                                     0.8350633
0.51                                    0.7190977
0.52                                    0.8244387
0.53                                    0.8334161
0.54                                    0.8778818
0.55                                    0.8461914
0.56                                    0.7956399
0.57                                    0.8565109
0.58                                    0.8360217
0.59                                    0.8114028
0.6                                     0.8190677
0.61                                    0.8804085
0.62                                    0.8517823
0.63                                    0.8276506
0.64                                    0.8109571
0.65                                    0.8338358
0.66                                    0.7380931
0.67                                    0.660791
0.68                                    0.787532
0.69                                    0.7100732
0.7                                     0.8046449
0.71                                    0.7725505
0.72                                    0.7347496
0.73                                    0.7524067
0.74                                    0.5976832
0.75                                    0.6093175
0.76                                    0.722242
0.77                                    0.7233536
0.78                                    0.7964121
0.79                                    0.5601713
0.8                                     0.8453836
0.81                                    0.6487097
0.82                                    0.7296739
0.83                                    0.8483306
0.84                                    0.7106203
0.85                                    0.8446001
0.86                                    0.7674515
0.87                                    0.8821818
0.88                                    0.6692374
0.89                                    0.6340696
0.9                                     0.6346662
0.91                                    0.7749984
0.92                                    0.535689
0.93                                    0.5710553
0.94                                    0.7168834
0.95                                    0.4844802
0.96                                    0.7595883
0.97                                    0.4921755
0.98                                    0.4549413
0.99                                    0.1213561
1.0                                     0.0053236


# Two-point Correlation Function (1/um)
--------------------------------------------------
lag (px)                                Value
--------------------------------------------------
0.5                                     0.5407917
1.0                                     0.5409256
1.5                                     0.5407143
2.0                                     0.5403958
2.5                                     0.5402433
3.0                                     0.5402385
3.5                                     0.539593
4.0                                     0.5401697
4.5                                     0.5384495
5.0                                     0.5385234
5.5                                     0.5391924
6.0                                     0.5385106
6.5                                     0.537404
7.0                                     0.5396045
7.5                                     0.538856
8.0                                     0.5376502
8.5                                     0.5370537
9.0                                     0.5393483
9.5                                     0.5372965
10.0                                    0.5400311
10.5                                    0.5377798
11.0                                    0.5387366
11.5                                    0.5375882
12.0                                    0.5388888
12.5                                    0.5375253
13.0                                    0.5389105
13.5                                    0.5369221
14.0                                    0.5362899
14.5                                    0.5388189
15.0                                    0.5374572
15.5                                    0.537978
16.0                                    0.5375856
16.5                                    0.5373217
17.0                                    0.53622
17.5                                    0.5335995
18.0                                    0.5356877
18.5                                    0.5372999
19.0                                    0.535195
19.5                                    0.5363132
20.0                                    0.5373586
20.5                                    0.5365197
21.0                                    0.5371018
21.5                                    0.537214
22.0                                    0.5374014
22.5                                    0.5366991
23.0                                    0.534418
23.5                                    0.5350859
24.0                                    0.5347287
24.5                                    0.5360808
25.0                                    0.5356775
25.5                                    0.5369159
26.0                                    0.5376442
26.5                                    0.5331986
27.0                                    0.5368938
27.5                                    0.5332808
28.0                                    0.5318798
28.5                                    0.5358257
29.0                                    0.5260467
29.5                                    0.5378902
30.0                                    0.5371406
30.5                                    0.5339336
31.0                                    0.5264254
31.5                                    0.5348948
32.0                                    0.528171
32.5                                    0.5346161
33.0                                    0.5243719
33.5                                    0.535716
34.0                                    0.533892
34.5                                    0.5348261
35.0                                    0.533137
35.5                                    0.5317834
36.0                                    0.5313877
36.5                                    0.532478
37.0                                    0.5331569
37.5                                    0.5338225
38.0                                    0.5283411
38.5                                    0.5278738
39.0                                    0.5334728
39.5                                    0.5339222
40.0                                    0.5330172
40.5                                    0.5328299
41.0                                    0.5243382
41.5                                    0.5323431
42.0                                    0.5320606
42.5                                    0.5260188
43.0                                    0.5306292
43.5                                    0.534802
44.0                                    0.5277868
44.5                                    0.5281175
45.0                                    0.5286394
45.5                                    0.5337248
46.0                                    0.5234089
46.5                                    0.532615
47.0                                    0.5317484
47.5                                    0.5294081
48.0                                    0.5304684
48.5                                    0.529371
49.0                                    0.526971
49.5                                    0.5268266
50.0                                    0.5244579


# Pore Radius Distribution (um)
--------------------------------------------------
Cumulative probability                  Value
--------------------------------------------------
0.01                                    2.8000499
0.02                                    4.6575869
0.03                                    8.4798649
0.04                                    17.5733605
0.05                                    8.2618648
0.06                                    7.7587914
0.07                                    18.024167
0.08                                    12.7723114
0.09                                    10.6902411
0.1                                     16.9950371
0.11                                    13.1879891
0.12                                    20.3888651
0.13                                    11.0900953
0.14                                    24.1324941
0.15                                    21.0732104
0.16                                    11.3953209
0.17                                    11.4006713
0.18                                    21.5266958
0.19                                    23.6791849
0.2                                     20.6083235
0.21                                    19.5788744
0.22                                    14.2937323
0.23                                    9.4238954
0.24                                    16.7529039
0.25                                    15.754935
0.26                                    14.5494432
0.27                                    14.9795959
0.28                                    25.0693467
0.29                                    14.9866829
0.3                                     18.1659938
0.31                                    19.1114444
0.32                                    14.0833957
0.33                                    16.2829345
0.34                                    20.2772984
0.35                                    17.3422767
0.36                                    17.5038535
0.37                                    22.2069531
0.38                                    27.6411255
0.39                                    20.6995861
0.4                                     20.7663188
0.41                                    15.416254
0.42                                    17.9718248
0.43                                    19.0950502
0.44                                    18.7264257
0.45                                    14.888771
0.46                                    29.5787819
0.47                                    20.2773662
0.48                                    18.2647406
0.49                                    20.2302405
0.5                                     25.1032434
0.51                                    22.4520458
0.52                                    24.566266
0.53                                    24.4532185
0.54                                    22.1803315
0.55                                    16.6503572
0.56                                    24.2215127
0.57                                    23.7486479
0.58                                    23.3116852
0.59                                    23.8943553
0.6                                     24.2832216
0.61                                    19.15044
0.62                                    19.9936944
0.63                                    29.2481164
0.64                                    26.131287
0.65                                    26.2797669
0.66                                    25.8166891
0.67                                    29.1248104
0.68                                    30.4095796
0.69                                    35.0327283
0.7                                     28.0111518
0.71                                    31.0825104
0.72                                    22.4240482
0.73                                    27.3574811
0.74                                    38.4137602
0.75                                    19.5169709
0.76                                    29.1045759
0.77                                    24.6714439
0.78                                    29.5427018
0.79                                    28.2451549
0.8                                     19.3391246
0.81                                    32.8812336
0.82                                    34.0346254
0.83                                    33.6245338
0.84                                    31.0179447
0.85                                    34.9045949
0.86                                    34.9907548
0.87                                    42.3301071
0.88                                    26.7055829
0.89                                    35.5482492
0.9                                     42.4849447
0.91                                    29.6648134
0.92                                    42.2300392
0.93                                    28.2376449
0.94                                    30.8278325
0.95                                    45.4323625
0.96                                    35.5056444
0.97                                    41.7837171
0.98                                    44.1498171
0.99                                    47.3203427
1.0                                     56.7773042


# Throat Radius Distribution (um)
--------------------------------------------------
Cumulative probability                  Value
--------------------------------------------------
0.01                                    3.8356967
0.02                                    5.4363168
0.03                                    3.7214992
0.04                                    3.1213218
0.05                                    1.979165
0.06                                    4.5742548
0.07                                    7.0411421
0.08                                    3.1104559
0.09                                    3.3845631
0.1                                     14.7954124
0.11                                    6.7449779
0.12                                    4.7461837
0.13                                    10.5795461
0.14                                    10.4633614
0.15                                    8.069361
0.16                                    13.2697898
0.17                                    19.1492433
0.18                                    7.0911615
0.19                                    20.4860076
0.2                                     12.6341683
0.21                                    12.1047541
0.22                                    14.2387816
0.23                                    8.8559377
0.24                                    22.3314489
0.25                                    9.3198268
0.26                                    16.9357421
0.27                                    12.5841152
0.28                                    16.6403127
0.29                                    10.083164
0.3                                     20.5875644
0.31                                    14.4822394
0.32                                    19.6264201
0.33                                    18.3286241
0.34                                    8.1730142
0.35                                    14.2599645
0.36                                    18.9614258
0.37                                    13.7642646
0.38                                    14.9021783
0.39                                    12.8108759
0.4                                     13.3532147
0.41                                    22.7077408
0.42                                    22.1819803
0.43                                    27.3567129
0.44                                    21.2031963
0.45                                    22.6786815
0.46                                    20.6897764
0.47                                    17.2951095
0.48                                    26.5454153
0.49                                    30.997591
0.5                                     20.0346632
0.51                                    37.4829506
0.52                                    32.4602115
0.53                                    27.0143955
0.54                                    30.1704712
0.55                                    19.6042639
0.56                                    27.4260172
0.57                                    25.7158865
0.58                                    23.6940269
0.59                                    24.2239633
0.6                                     24.6485882
0.61                                    27.0024106
0.62                                    32.2782003
0.63                                    25.4425496
0.64                                    25.6027135
0.65                                    19.64496
0.66                                    20.615029
0.67                                    38.4606676
0.68                                    39.6315293
0.69                                    35.7006854
0.7                                     30.0781029
0.71                                    26.272915
0.72                                    42.6974753
0.73                                    25.0848761
0.74                                    30.0862096
0.75                                    28.655748
0.76                                    32.375409
0.77                                    33.131377
0.78                                    32.5167615
0.79                                    34.1549788
0.8                                     27.7502889
0.81                                    32.8188358
0.82                                    28.9932006
0.83                                    35.0538792
0.84                                    36.2199004
0.85                                    37.21139
0.86                                    39.7760227
0.87                                    30.4850807
0.88                                    38.6982069
0.89                                    33.1329643
0.9                                     35.5877277
0.91                                    39.5251751
0.92                                    43.4638542
0.93                                    43.7549224
0.94                                    38.2324835
0.95                                    46.0671278
0.96                                    46.483792
0.97                                    42.5045591
0.98                                    50.3111193
0.99                                    35.6465313
1.0                                     59.0173959


# Throat Lenght Distribution (um)
--------------------------------------------------
Cumulative probability                  Value
--------------------------------------------------
0.01                                    17.6646839
0.02                                    23.5603019
0.03                                    21.7182616
0.04                                    32.5355761
0.05                                    20.2914534
0.06                                    24.8293428
0.07                                    29.4372085
0.08                                    28.9830051
0.09                                    24.4330602
0.1                                     33.1374665
0.11                                    40.421617
0.12                                    28.8640559
0.13                                    20.9029521
0.14                                    37.9209869
0.15                                    33.9490205
0.16                                    37.86171
0.17                                    47.8118932
0.18                                    18.015806
0.19                                    39.0353432
0.2                                     42.6697324
0.21                                    38.3094831
0.22                                    30.8613999
0.23                                    28.0014297
0.24                                    37.9495612
0.25                                    40.8722595
0.26                                    42.7613971
0.27                                    49.7410001
0.28                                    30.731209
0.29                                    50.7522057
0.3                                     41.174391
0.31                                    37.5115765
0.32                                    48.1002158
0.33                                    42.625428
0.34                                    46.00163
0.35                                    48.3809528
0.36                                    43.094844
0.37                                    66.4982929
0.38                                    40.8570221
0.39                                    39.7932267
0.4                                     62.5695357
0.41                                    57.1816674
0.42                                    42.1271893
0.43                                    42.1263156
0.44                                    42.6541307
0.45                                    50.265838
0.46                                    65.6654644
0.47                                    43.1296168
0.48                                    72.3542894
0.49                                    43.9853593
0.5                                     65.5447907
0.51                                    43.7576593
0.52                                    59.8321335
0.53                                    56.3968244
0.54                                    58.5151568
0.55                                    57.3884201
0.56                                    50.1517893
0.57                                    65.2843923
0.58                                    48.4906167
0.59                                    55.6474664
0.6                                     43.3101305
0.61                                    51.139617
0.62                                    57.3350354
0.63                                    45.8643441
0.64                                    46.7332041
0.65                                    52.2892637
0.66                                    59.6066197
0.67                                    77.2283503
0.68                                    78.3095445
0.69                                    48.0606565
0.7                                     69.7680938
0.71                                    67.5155313
0.72                                    57.4738946
0.73                                    44.5681905
0.74                                    74.1898849
0.75                                    71.8542619
0.76                                    72.8926837
0.77                                    83.4128623
0.78                                    60.6152913
0.79                                    51.8915463
0.8                                     57.3761308
0.81                                    69.6150943
0.82                                    64.3696504
0.83                                    70.8361043
0.84                                    79.5328028
0.85                                    66.8536021
0.86                                    88.0663864
0.87                                    65.9356015
0.88                                    88.9594399
0.89                                    80.0095601
0.9                                     64.2142494
0.91                                    85.3940248
0.92                                    91.9441603
0.93                                    78.0825649
0.94                                    81.3270916
0.95                                    88.8914346
0.96                                    84.3158532
0.97                                    77.4856722
0.98                                    99.1689408
0.99                                    93.5243137
1.0                                     114.7375659


# Pore Inscribed Radius Distribution (um)
--------------------------------------------------
Cumulative probability                  Value
--------------------------------------------------
0.01                                    7.4582844
0.02                                    22.3008656
0.03                                    26.5685073
0.04                                    38.2120385
0.05                                    47.0553318
0.06                                    39.8342759
0.07                                    33.1848156
0.08                                    28.7299794
0.09                                    22.2441748
0.1                                     31.1050045
0.11                                    35.8278916
0.12                                    19.1635577
0.13                                    28.0373048
0.14                                    32.3211835
0.15                                    32.0279315
0.16                                    33.6001088
0.17                                    25.6614151
0.18                                    32.4100145
0.19                                    27.2113769
0.2                                     23.8029212
0.21                                    30.2554557
0.22                                    33.9609317
0.23                                    31.471936
0.24                                    27.1942069
0.25                                    20.3713049
0.26                                    25.8948689
0.27                                    24.4091959
0.28                                    24.5420879
0.29                                    27.4257073
0.3                                     26.5076648
0.31                                    19.1583822
0.32                                    27.3241576
0.33                                    33.6444198
0.34                                    35.973213
0.35                                    32.5708949
0.36                                    31.5875364
0.37                                    25.4652717
0.38                                    27.0522753
0.39                                    28.7395959
0.4                                     19.9990593
0.41                                    28.7679644
0.42                                    22.4287688
0.43                                    29.5621185
0.44                                    37.5048938
0.45                                    30.9679522
0.46                                    15.713799
0.47                                    27.8241591
0.48                                    32.7411951
0.49                                    33.0516634
0.5                                     28.4786758
0.51                                    29.955061
0.52                                    26.2415247
0.53                                    31.0352389
0.54                                    22.1207007
0.55                                    33.8364629
0.56                                    31.6538814
0.57                                    35.0073447
0.58                                    31.0107122
0.59                                    30.0704457
0.6                                     27.0180584
0.61                                    33.3343145
0.62                                    34.1103483
0.63                                    39.3788183
0.64                                    28.5316412
0.65                                    28.4330191
0.66                                    33.5905282
0.67                                    24.556327
0.68                                    21.0884463
0.69                                    35.2613568
0.7                                     26.1134589
0.71                                    33.207757
0.72                                    38.8604055
0.73                                    37.0699532
0.74                                    41.9413256
0.75                                    24.4062495
0.76                                    37.4282525
0.77                                    34.1542553
0.78                                    38.6360117
0.79                                    38.9302362
0.8                                     36.4500678
0.81                                    42.5371911
0.82                                    30.9040383
0.83                                    41.2829089
0.84                                    37.3506526
0.85                                    32.3967325
0.86                                    34.2890854
0.87                                    41.8080603
0.88                                    43.9115353
0.89                                    35.0198015
0.9                                     42.9812123
0.91                                    39.5870367
0.92                                    38.8779881
0.93                                    41.2932257
0.94                                    34.9531312
0.95                                    46.1880941
0.96                                    43.7905556
0.97                                    45.6405629
0.98                                    50.5616256
0.99                                    49.6008865
1.0                                     54.1710492


# Throat Inscribed Radius Distribution (um)
--------------------------------------------------
Cumulative probability                  Value
--------------------------------------------------
0.01                                    1.2968826
0.02                                    5.4765152
0.03                                    2.2487735
0.04                                    12.623451
0.05                                    6.873049
0.06                                    12.3250166
0.07                                    6.9342092
0.08                                    18.352368
0.09                                    19.3220716
0.1                                     11.951119
0.11                                    12.4122898
0.12                                    24.4235048
0.13                                    18.8122882
0.14                                    19.5530627
0.15                                    21.061321
0.16                                    22.2237551
0.17                                    10.5975806
0.18                                    15.9116324
0.19                                    18.3707148
0.2                                     20.507757
0.21                                    16.2169065
0.22                                    16.9871057
0.23                                    10.0994188
0.24                                    19.8143216
0.25                                    28.7070595
0.26                                    16.2336482
0.27                                    25.2852304
0.28                                    20.5695739
0.29                                    21.3790301
0.3                                     24.1852112
0.31                                    22.4773318
0.32                                    26.9873878
0.33                                    30.0670187
0.34                                    30.8520144
0.35                                    15.8156908
0.36                                    28.9430975
0.37                                    22.2302227
0.38                                    24.8511115
0.39                                    24.3098292
0.4                                     26.1720076
0.41                                    23.8699137
0.42                                    23.9642774
0.43                                    19.1534493
0.44                                    28.1193288
0.45                                    18.7559127
0.46                                    26.5860338
0.47                                    24.1372499
0.48                                    28.0910238
0.49                                    33.6320621
0.5                                     24.3899645
0.51                                    36.5621725
0.52                                    29.512663
0.53                                    25.93039
0.54                                    24.113337
0.55                                    29.6096945
0.56                                    26.268402
0.57                                    29.8225544
0.58                                    28.2000768
0.59                                    28.2489735
0.6                                     29.9261334
0.61                                    29.9336923
0.62                                    31.2193617
0.63                                    31.850347
0.64                                    29.5694087
0.65                                    35.2329042
0.66                                    23.4055444
0.67                                    32.9346114
0.68                                    32.1690172
0.69                                    24.2864613
0.7                                     20.7770425
0.71                                    29.8738776
0.72                                    31.199437
0.73                                    30.8355384
0.74                                    31.343874
0.75                                    25.9227633
0.76                                    32.1436891
0.77                                    27.6775073
0.78                                    29.4133297
0.79                                    27.4664992
0.8                                     26.4864917
0.81                                    34.0958606
0.82                                    22.6435575
0.83                                    31.7252057
0.84                                    26.3330697
0.85                                    32.7881356
0.86                                    30.132142
0.87                                    36.4989553
0.88                                    31.3198418
0.89                                    33.3775418
0.9                                     35.0513073
0.91                                    35.0476228
0.92                                    35.1267766
0.93                                    32.3718672
0.94                                    35.4477107
0.95                                    30.2764977
0.96                                    35.0674634
0.97                                    38.6237523
0.98                                    39.5050203
0.99                                    41.2558655
1.0                                     43.8112461


# Throat Average Distance (um)
--------------------------------------------------
Cumulative probability                  Value
--------------------------------------------------
0.01                                    1.3662258
0.02                                    1.3339107
0.03                                    1.6920417
0.04                                    4.8610055
0.05                                    1.8740965
0.06                                    3.5335693
0.07                                    5.9958482
0.08                                    3.7136517
0.09                                    7.689965
0.1                                     4.2334351
0.11                                    5.813046
0.12                                    9.0701345
0.13                                    5.2874096
0.14                                    6.5034359
0.15                                    9.433264
0.16                                    6.0352132
0.17                                    8.9996583
0.18                                    13.5885178
0.19                                    6.4798654
0.2                                     7.2863225
0.21                                    10.0749894
0.22                                    12.1386868
0.23                                    17.2214427
0.24                                    15.4085342
0.25                                    16.6758164
0.26                                    11.6671033
0.27                                    8.4485866
0.28                                    10.2515991
0.29                                    12.6127531
0.3                                     19.1648705
0.31                                    19.2285336
0.32                                    15.3993812
0.33                                    15.2314943
0.34                                    13.9347468
0.35                                    14.2617914
0.36                                    15.655723
0.37                                    21.9823155
0.38                                    14.3283264
0.39                                    14.3750696
0.4                                     18.3558448
0.41                                    12.7556047
0.42                                    15.6694038
0.43                                    15.7427907
0.44                                    14.9634287
0.45                                    14.2477612
0.46                                    15.9226931
0.47                                    13.0422891
0.48                                    18.714658
0.49                                    12.2795763
0.5                                     21.6098771
0.51                                    11.2015091
0.52                                    15.8352099
0.53                                    17.9498508
0.54                                    22.2624491
0.55                                    11.9904135
0.56                                    19.2582791
0.57                                    16.9205834
0.58                                    17.4728381
0.59                                    18.4405935
0.6                                     22.1689691
0.61                                    18.0023861
0.62                                    17.5294038
0.63                                    15.3980381
0.64                                    18.5712229
0.65                                    23.3992435
0.66                                    17.2266399
0.67                                    24.7769424
0.68                                    23.8357564
0.69                                    22.0715899
0.7                                     23.4714458
0.71                                    14.9297283
0.72                                    21.488343
0.73                                    18.7357279
0.74                                    14.4349605
0.75                                    17.1758633
0.76                                    21.3821476
0.77                                    22.9829696
0.78                                    19.5313888
0.79                                    17.5100904
0.8                                     16.7282751
0.81                                    23.7479384
0.82                                    16.4996694
0.83                                    20.6404418
0.84                                    21.2559777
0.85                                    15.6205735
0.86                                    21.7352432
0.87                                    19.2940833
0.88                                    18.2650363
0.89                                    24.0918484
0.9                                     21.3869177
0.91                                    27.5104687
0.92                                    23.3356245
0.93                                    21.1661535
0.94                                    21.2799269
0.95                                    25.7417336
0.96                                    25.0476471
0.97                                    23.5881175
0.98                                    28.4723889
0.99                                    30.4420082
1.0                                     32.4252013


# Throat Permeability Distribution (um2)
--------------------------------------------------
Cumulative probability                  Value
--------------------------------------------------
0.01                                    3.5833881
0.02                                    5.3929469
0.03                                    24.0839787
0.04                                    31.9688486
0.05                                    22.5910147
0.06                                    54.7503576
0.07                                    14.9730391
0.08                                    82.9421027
0.09                                    20.7791931
0.1                                     29.7658415
0.11                                    16.8172633
0.12                                    4.6539748
0.13                                    41.1165436
0.14                                    8.7971949
0.15                                    12.9106016
0.16                                    20.1768991
0.17                                    6.9935374
0.18                                    5.065733
0.19                                    10.1609875
0.2                                     14.0613311
0.21                                    5.2458265
0.22                                    4.3893309
0.23                                    24.7285191
0.24                                    132.494245
0.25                                    10.7312205
0.26                                    15.5711795
0.27                                    43.1010851
0.28                                    33.211523
0.29                                    6.1224223
0.3                                     36.4680712
0.31                                    6.8229008
0.32                                    28.5158983
0.33                                    109.901355
0.34                                    17.899407
0.35                                    5.9339673
0.36                                    18.1581403
0.37                                    42.4730915
0.38                                    26.2394799
0.39                                    12.2608266
0.4                                     7.894192
0.41                                    43.559257
0.42                                    91.2914939
0.43                                    28.9660009
0.44                                    25.5595728
0.45                                    41.7727733
0.46                                    46.4554872
0.47                                    37.340947
0.48                                    86.1625095
0.49                                    93.6024688
0.5                                     27.9827301
0.51                                    58.612585
0.52                                    72.470571
0.53                                    35.9620719
0.54                                    59.6612653
0.55                                    57.046004
0.56                                    50.2318779
0.57                                    30.5607472
0.58                                    47.4395841
0.59                                    38.6310727
0.6                                     79.512428
0.61                                    27.5116474
0.62                                    29.6388771
0.63                                    79.8241213
0.64                                    97.7878795
0.65                                    149.3624503
0.66                                    68.1964945
0.67                                    195.1967958
0.68                                    14.4391268
0.69                                    50.4027412
0.7                                     312.0105112
0.71                                    54.853233
0.72                                    84.3954371
0.73                                    119.3020497
0.74                                    90.4390743
0.75                                    138.2743024
0.76                                    64.7196642
0.77                                    163.865086
0.78                                    110.6042386
0.79                                    120.3569346
0.8                                     69.051023
0.81                                    167.8922872
0.82                                    716.7665793
0.83                                    128.6721132
0.84                                    249.2470709
0.85                                    329.5599835
0.86                                    474.8546397
0.87                                    206.1115343
0.88                                    251.6243169
0.89                                    142.0962284
0.9                                     201.4851352
0.91                                    882.7700131
0.92                                    658.5400494
0.93                                    196.0058727
0.94                                    650.555834
0.95                                    768.2367122
0.96                                    535.1685126
0.97                                    944.7177024
0.98                                    1331.787731
0.99                                    1181.4021286
1.0                                     1573.0464114


# Coordination Number Distribution
--------------------------------------------------
Cumulative probability                  Value
--------------------------------------------------
0.01                                    1.016175
0.02                                    4.0617236
0.03                                    13.6342478
0.04                                    8.6562796
0.05                                    15.806538
0.06                                    15.6210689
0.07                                    9.8967287
0.08                                    26.0443618
0.09                                    15.7108721
0.1                                     10.5361837
0.11                                    5.1849792
0.12                                    7.3697901
0.13                                    14.4162436
0.14                                    5.1636925
0.15                                    10.5926805
0.16                                    9.0608925
0.17                                    8.7309344
0.18                                    6.1193276
0.19                                    6.6117239
0.2                                     7.2418766
0.21                                    12.7258994
0.22                                    7.9741725
0.23                                    7.2098288
0.24                                    9.107619
0.25                                    4.6268254
0.26                                    3.5829246
0.27                                    7.1296584
0.28                                    4.7392755
0.29                                    7.5986206
0.3                                     14.1628751
0.31                                    4.0026715
0.32                                    11.9395475
0.33                                    8.293169
0.34                                    8.6057634
0.35                                    9.0130523
0.36                                    7.0804551
0.37                                    7.1060978
0.38                                    9.0369556
0.39                                    11.5780376
0.4                                     11.6473374
0.41                                    7.3561953
0.42                                    11.2548927
0.43                                    15.309752
0.44                                    8.9769074
0.45                                    13.6557788
0.46                                    7.5195163
0.47                                    8.7451511
0.48                                    10.6724299
0.49                                    12.1136566
0.5                                     9.0816409
0.51                                    12.0828868
0.52                                    7.4702208
0.53                                    16.6900941
0.54                                    8.7795621
0.55                                    11.6915541
0.56                                    9.3013322
0.57                                    8.1150802
0.58                                    12.5161538
0.59                                    7.9066054
0.6                                     14.1859664
0.61                                    7.0439742
0.62                                    14.073293
0.63                                    17.8752738
0.64                                    15.2447142
0.65                                    20.4917901
0.66                                    15.0913004
0.67                                    10.1686016
0.68                                    11.1975614
0.69                                    9.5788295
0.7                                     15.9749762
0.71                                    16.6003776
0.72                                    24.4569977
0.73                                    11.5404619
0.74                                    8.6540417
0.75                                    19.0262526
0.76                                    19.7838545
0.77                                    9.7380852
0.78                                    15.6249228
0.79                                    20.9010627
0.8                                     15.7230495
0.81                                    13.3011163
0.82                                    12.7297643
0.83                                    15.9184929
0.84                                    11.5930596
0.85                                    20.1972083
0.86                                    15.2325075
0.87                                    25.7185801
0.88                                    24.8547808
0.89                                    24.5278652
0.9                                     14.3194011
0.91                                    23.5093349
0.92                                    30.6701907
0.93                                    20.1071607
0.94                                    30.4997632
0.95                                    28.9951483
0.96                                    25.9820305
0.97                                    36.1537534
0.98                                    42.0051408
0.99                                    29.989358
1.0                                     58.876982


# Pore Sphericity Distribution (ratio)
--------------------------------------------------
Cumulative probability                  Value
--------------------------------------------------
0.01                                    0.4502986
0.02                                    0.4765587
0.03                                    0.4935857
0.04                                    0.5559324
0.05                                    0.5841916
0.06                                    0.5436437
0.07                                    0.6111266
0.08                                    0.6948581
0.09                                    0.6149502
0.1                                     0.6161959
0.11                                    0.5664133
0.12                                    0.6916606
0.13                                    0.6241776
0.14                                    0.651703
0.15                                    0.7298916
0.16                                    0.7036132
0.17                                    0.6665777
0.18                                    0.7917037
0.19                                    0.7695509
0.2                                     0.7244875
0.21                                    0.7590877
0.22                                    0.7390184
0.23                                    0.8502729
0.24                                    0.7527052
0.25                                    0.7813782
0.26                                    0.8050076
0.27                                    0.7723234
0.28                                    0.7962923
0.29                                    0.8542674
0.3                                     0.8777046
0.31                                    0.8164156
0.32                                    0.8440363
0.33                                    0.7949838
0.34                                    0.8125521
0.35                                    0.803226
0.36                                    0.7714772
0.37                                    0.8402039
0.38                                    0.7086983
0.39                                    0.8081478
0.4                                     0.831915
0.41                                    0.8734866
0.42                                    0.8347211
0.43                                    0.8624528
0.44                                    0.8675746
0.45                                    0.8138132
0.46                                    0.8664021
0.47                                    0.8770699
0.48                                    0.9169339
0.49                                    0.8809499
0.5                                     0.8645481
0.51                                    0.8312034
0.52                                    0.8430306
0.53                                    0.8954489
0.54                                    0.7957376
0.55                                    0.8506624
0.56                                    0.89648
0.57                                    0.9352165
0.58                                    0.9326288
0.59                                    0.8580643
0.6                                     0.887046
0.61                                    0.8894719
0.62                                    0.9075901
0.63                                    0.8344668
0.64                                    0.8429736
0.65                                    0.9291501
0.66                                    0.8202759
0.67                                    0.8426903
0.68                                    0.8915545
0.69                                    0.9360777
0.7                                     0.8944934
0.71                                    0.8698092
0.72                                    0.8788683
0.73                                    0.8878344
0.74                                    0.9376021
0.75                                    0.9217971
0.76                                    0.9244437
0.77                                    0.8779482
0.78                                    0.9298885
0.79                                    0.9305249
0.8                                     0.9305669
0.81                                    0.9514936
0.82                                    0.9527167
0.83                                    0.9407203
0.84                                    0.9371345
0.85                                    0.9314708
0.86                                    0.9672225
0.87                                    0.9387098
0.88                                    0.9475377
0.89                                    0.9635494
0.9                                     0.9729797
0.91                                    0.9715158
0.92                                    0.9727132
0.93                                    0.9862409
0.94                                    0.9872408
0.95                                    0.9852993
0.96                                    0.9930391
0.97                                    0.994298
0.98                                    0.9992089
0.99                                    0.998265
1.0                                     0.9944519


# Grain Sphericity Distribution (ratio)
--------------------------------------------------
Cumulative probability                  Value
--------------------------------------------------
0.01                                    0.6011811
0.02                                    0.6027147
0.03                                    0.6070888
0.04                                    0.5975305
0.05                                    0.6076095
0.06                                    0.6529673
0.07                                    0.7286614
0.08                                    0.7299421
0.09                                    0.6918819
0.1                                     0.712352
0.11                                    0.6590335
0.12                                    0.7387422
0.13                                    0.6813338
0.14                                    0.6727771
0.15                                    0.6503797
0.16                                    0.6971589
0.17                                    0.6940456
0.18                                    0.707012
0.19                                    0.6977225
0.2                                     0.6246544
0.21                                    0.734036
0.22                                    0.702605
0.23                                    0.6747179
0.24                                    0.5824332
0.25                                    0.7395556
0.26                                    0.6965269
0.27                                    0.7137248
0.28                                    0.6449138
0.29                                    0.6674152
0.3                                     0.6774857
0.31                                    0.6635932
0.32                                    0.7001372
0.33                                    0.6075794
0.34                                    0.6952827
0.35                                    0.6220945
0.36                                    0.5273559
0.37                                    0.7059051
0.38                                    0.639778
0.39                                    0.588521
0.4                                     0.6682948
0.41                                    0.6953293
0.42                                    0.5949971
0.43                                    0.5932552
0.44                                    0.7102547
0.45                                    0.7505145
0.46                                    0.6471869
0.47                                    0.6282769
0.48                                    0.7299575
0.49                                    0.6704756
0.5                                     0.6269438
0.51                                    0.5673828
0.52                                    0.6440041
0.53                                    0.6846205
0.54                                    0.6210347
0.55                                    0.6788575
0.56                                    0.662139
0.57                                    0.6618954
0.58                                    0.6443237
0.59                                    0.6971446
0.6                                     0.6381007
0.61                                    0.6225939
0.62                                    0.5679887
0.63                                    0.6346431
0.64                                    0.6572869
0.65                                    0.6885313
0.66                                    0.5399449
0.67                                    0.6001844
0.68                                    0.590839
0.69                                    0.6530903
0.7                                     0.5598856
0.71                                    0.6100079
0.72                                    0.6302081
0.73                                    0.7191959
0.74                                    0.5665096
0.75                                    0.491434
0.76                                    0.5613543
0.77                                    0.6171579
0.78                                    0.6232193
0.79                                    0.5820565
0.8                                     0.6300898
0.81                                    0.547839
0.82                                    0.6655928
0.83                                    0.5436782
0.84                                    0.6104328
0.85                                    0.5781072
0.86                                    0.5935988
0.87                                    0.6686308
0.88                                    0.563737
0.89                                    0.6347072
0.9                                     0.6239142
0.91                                    0.5671997
0.92                                    0.5141782
0.93                                    0.5184446
0.94                                    0.5374561
0.95                                    0.4558045
0.96                                    0.615819
0.97                                    0.6651176
0.98                                    0.7076231
0.99                                    0.7166578
1.0                                     0.9724196


# Grain Radius Distribution (um)
--------------------------------------------------
Cumulative probability                  Value
--------------------------------------------------
0.01                                    1.4196095
0.02                                    0.9486655
0.03                                    1.8029074
0.04                                    1.0236698
0.05                                    2.183158
0.06                                    1.7914937
0.07                                    1.8032498
0.08                                    1.6687335
0.09                                    2.4675028
0.1                                     3.2995429
0.11                                    2.7119274
0.12                                    1.9903261
0.13                                    3.714356
0.14                                    2.8128384
0.15                                    1.9536527
0.16                                    2.5968909
0.17                                    5.8289217
0.18                                    2.8175188
0.19                                    3.4199146
0.2                                     3.5583443
0.21                                    4.0080545
0.22                                    5.4883536
0.23                                    7.9083971
0.24                                    3.1434149
0.25                                    3.6269608
0.26                                    5.8281742
0.27                                    6.1722929
0.28                                    3.6319379
0.29                                    6.39785
0.3                                     6.1289553
0.31                                    4.5093836
0.32                                    4.8537528
0.33                                    6.1915867
0.34                                    5.1938444
0.35                                    6.4353922
0.36                                    6.1545437
0.37                                    7.4714013
0.38                                    11.209851
0.39                                    7.2843702
0.4                                     8.5677114
0.41                                    6.2537262
0.42                                    5.4959138
0.43                                    7.7078511
0.44                                    5.5407406
0.45                                    12.5179994
0.46                                    5.1678609
0.47                                    5.9683442
0.48                                    19.7921449
0.49                                    8.1393712
0.5                                     8.5661992
0.51                                    6.8931401
0.52                                    10.4468977
0.53                                    9.2077234
0.54                                    5.8802839
0.55                                    9.8035733
0.56                                    11.4712898
0.57                                    8.4218454
0.58                                    8.5812262
0.59                                    13.7308476
0.6                                     5.3749053
0.61                                    7.0366195
0.62                                    8.5718048
0.63                                    10.646388
0.64                                    9.03416
0.65                                    9.6807113
0.66                                    15.2167974
0.67                                    16.9741792
0.68                                    21.6841369
0.69                                    9.9058064
0.7                                     13.3739768
0.71                                    8.6521439
0.72                                    13.9521782
0.73                                    17.2813428
0.74                                    17.3376088
0.75                                    11.0223982
0.76                                    6.9879802
0.77                                    12.648205
0.78                                    10.5498404
0.79                                    11.8208488
0.8                                     8.8738327
0.81                                    26.9189104
0.82                                    11.0470321
0.83                                    16.9291305
0.84                                    17.0344496
0.85                                    24.859735
0.86                                    18.3425101
0.87                                    14.5218766
0.88                                    27.1875255
0.89                                    20.291559
0.9                                     19.5754423
0.91                                    18.3784492
0.92                                    16.712129
0.93                                    29.9805339
0.94                                    21.0665791
0.95                                    26.0322895
0.96                                    22.7959146
0.97                                    24.64897
0.98                                    38.21301
0.99                                    35.3789329
1.0                                     51.1104599
