DeePore output results including 15 single-value
paramters, 4 functions and 11 distributions
__________________________________________________
        ### Single-value parameters ###
__________________________________________________

Properties                              Value
--------------------------------------------------
Absolute Permeability (um2)             0.0973191
Formation Factor (ratio)                6.8720056
Cementation Factor (ratio)              1.9509382
pore density (1/um3)                    0.0017763
Tortuosity (ratio)                      1.3091176
Average Coordination Number             4.3748374
Average Throat Radius (um)              2.1427263
Average Pore Radius (um)                3.0841123
Average Throat Length (um)              8.4305069
Pore to Throat Aspect ratio             6.5941842
Specific Surface (1/um)                 0.0002588
Pore Sphericity (ratio)                 4.2329183
Grain Sphericity (ratio)                0.8000287
Average Grain Radius (um)               3.9806171
Relative Young Module (ratio)           0.1181025

__________________________________________________
       ### Functions and distributions ###
__________________________________________________


# Leveret J Function (ratio)
--------------------------------------------------
Wetting-sat (Sw)                        Value
--------------------------------------------------
0.01                                    2.1237604
0.02                                    1.7276706
0.03                                    1.6960633
0.04                                    1.7493576
0.05                                    1.4885218
0.06                                    1.603533
0.07                                    1.5162614
0.08                                    1.5754913
0.09                                    1.6529251
0.1                                     1.5053456
0.11                                    1.6232344
0.12                                    1.5137852
0.13                                    1.5140174
0.14                                    1.5864599
0.15                                    1.4898828
0.16                                    1.5569837
0.17                                    1.657988
0.18                                    1.5459657
0.19                                    1.5122964
0.2                                     1.5742526
0.21                                    1.4728625
0.22                                    1.466717
0.23                                    1.4892838
0.24                                    1.4696304
0.25                                    1.5735194
0.26                                    1.4403475
0.27                                    1.5064367
0.28                                    1.491443
0.29                                    1.5215157
0.3                                     1.4970937
0.31                                    1.5776159
0.32                                    1.6290467
0.33                                    1.4240537
0.34                                    1.6839972
0.35                                    1.4606851
0.36                                    1.6659175
0.37                                    1.6755425
0.38                                    1.4321454
0.39                                    1.4704768
0.4                                     1.564677
0.41                                    1.488501
0.42                                    1.5123557
0.43                                    1.6307793
0.44                                    1.4300908
0.45                                    1.4433647
0.46                                    1.471107
0.47                                    1.452841
0.48                                    1.4322916
0.49                                    1.536755
0.5                                     1.4776513
0.51                                    1.4720086
0.52                                    1.488037
0.53                                    1.4593546
0.54                                    1.4746457
0.55                                    1.5752836
0.56                                    1.4431157
0.57                                    1.4480213
0.58                                    1.4336329
0.59                                    1.4849426
0.6                                     1.497002
0.61                                    1.4453104
0.62                                    1.5952999
0.63                                    1.4215052
0.64                                    1.4728687
0.65                                    1.4701929
0.66                                    1.4993203
0.67                                    1.4800858
0.68                                    1.4098748
0.69                                    1.7955408
0.7                                     1.5822096
0.71                                    1.7067642
0.72                                    1.475501
0.73                                    1.5022619
0.74                                    1.546567
0.75                                    1.5405499
0.76                                    1.4535367
0.77                                    1.5471757
0.78                                    1.4854965
0.79                                    1.5140302
0.8                                     1.6282917
0.81                                    1.3545676
0.82                                    1.4353744
0.83                                    1.4310172
0.84                                    1.3801726
0.85                                    1.4963983
0.86                                    1.5095509
0.87                                    1.4437861
0.88                                    1.5600341
0.89                                    1.4288807
0.9                                     1.4462601
0.91                                    1.3693027
0.92                                    1.3920182
0.93                                    1.3895016
0.94                                    1.2432525
0.95                                    1.4807659
0.96                                    1.277235
0.97                                    1.3030462
0.98                                    1.2456521
0.99                                    1.2443184
1.0                                     0.8149704


# Wetting Relative Permeability (fraction)
--------------------------------------------------
Wetting-sat (Sw)                        Value
--------------------------------------------------
0.01                                    0.0230609
0.02                                    0.0178324
0.03                                    0.0242643
0.04                                    0.0257538
0.05                                    0.0205798
0.06                                    0.0194757
0.07                                    0.0196619
0.08                                    0.018671
0.09                                    0.0189635
0.1                                     0.0211929
0.11                                    0.0209079
0.12                                    0.0203059
0.13                                    0.0220318
0.14                                    0.0252361
0.15                                    0.0203183
0.16                                    0.0187754
0.17                                    0.022807
0.18                                    0.0255089
0.19                                    0.0230239
0.2                                     0.0236569
0.21                                    0.0255193
0.22                                    0.0300163
0.23                                    0.0251374
0.24                                    0.0296247
0.25                                    0.0283398
0.26                                    0.0331754
0.27                                    0.0381032
0.28                                    0.0445165
0.29                                    0.042149
0.3                                     0.0475691
0.31                                    0.049653
0.32                                    0.0680566
0.33                                    0.0635985
0.34                                    0.0595013
0.35                                    0.0645399
0.36                                    0.0909021
0.37                                    0.0752762
0.38                                    0.103766
0.39                                    0.1009119
0.4                                     0.1071508
0.41                                    0.1148484
0.42                                    0.1159569
0.43                                    0.1106652
0.44                                    0.1251182
0.45                                    0.1288663
0.46                                    0.1393777
0.47                                    0.135364
0.48                                    0.1476681
0.49                                    0.1624013
0.5                                     0.1719052
0.51                                    0.188953
0.52                                    0.1779885
0.53                                    0.1958058
0.54                                    0.204046
0.55                                    0.2143841
0.56                                    0.2234468
0.57                                    0.2270676
0.58                                    0.2365427
0.59                                    0.2284498
0.6                                     0.2558558
0.61                                    0.2489483
0.62                                    0.2836713
0.63                                    0.2528508
0.64                                    0.2942511
0.65                                    0.2847628
0.66                                    0.2920991
0.67                                    0.2980776
0.68                                    0.30418
0.69                                    0.3613911
0.7                                     0.3449858
0.71                                    0.3438672
0.72                                    0.3532514
0.73                                    0.3396838
0.74                                    0.3676499
0.75                                    0.4022661
0.76                                    0.4006116
0.77                                    0.4169111
0.78                                    0.4265436
0.79                                    0.4528092
0.8                                     0.4472374
0.81                                    0.4529492
0.82                                    0.4715223
0.83                                    0.4903851
0.84                                    0.5172924
0.85                                    0.5050412
0.86                                    0.5176189
0.87                                    0.5469326
0.88                                    0.5654233
0.89                                    0.5643498
0.9                                     0.5976687
0.91                                    0.6002868
0.92                                    0.6161557
0.93                                    0.6130158
0.94                                    0.6346929
0.95                                    0.6499146
0.96                                    0.66979
0.97                                    0.6883755
0.98                                    0.702446
0.99                                    0.7263739
1.0                                     0.9796308


# Non-Wetting Relative Permeability (fraction)
--------------------------------------------------
Wetting-sat (Sw)                        Value
--------------------------------------------------
0.01                                    0.9749363
0.02                                    0.9381386
0.03                                    0.8903564
0.04                                    0.8753974
0.05                                    0.814858
0.06                                    0.7916104
0.07                                    0.7841136
0.08                                    0.7750618
0.09                                    0.7510636
0.1                                     0.7281978
0.11                                    0.7124671
0.12                                    0.6978049
0.13                                    0.7023774
0.14                                    0.6493242
0.15                                    0.6590773
0.16                                    0.6653979
0.17                                    0.6330947
0.18                                    0.6314751
0.19                                    0.6471226
0.2                                     0.6245369
0.21                                    0.6332301
0.22                                    0.6109892
0.23                                    0.5949368
0.24                                    0.5867103
0.25                                    0.569985
0.26                                    0.5715916
0.27                                    0.5811794
0.28                                    0.5551876
0.29                                    0.5670521
0.3                                     0.571627
0.31                                    0.5536598
0.32                                    0.5521992
0.33                                    0.561187
0.34                                    0.5367959
0.35                                    0.5259358
0.36                                    0.515057
0.37                                    0.525643
0.38                                    0.5264268
0.39                                    0.5216891
0.4                                     0.4941562
0.41                                    0.5103972
0.42                                    0.514443
0.43                                    0.4948032
0.44                                    0.5024999
0.45                                    0.4982744
0.46                                    0.463286
0.47                                    0.4781562
0.48                                    0.4677021
0.49                                    0.4537807
0.5                                     0.4737861
0.51                                    0.4716405
0.52                                    0.4364059
0.53                                    0.4849491
0.54                                    0.4493274
0.55                                    0.4446305
0.56                                    0.4408521
0.57                                    0.4458099
0.58                                    0.4382144
0.59                                    0.4098106
0.6                                     0.4073641
0.61                                    0.4171568
0.62                                    0.4138072
0.63                                    0.4106188
0.64                                    0.4022816
0.65                                    0.416696
0.66                                    0.3937941
0.67                                    0.3857976
0.68                                    0.3928678
0.69                                    0.383164
0.7                                     0.368157
0.71                                    0.3615274
0.72                                    0.3494489
0.73                                    0.3585285
0.74                                    0.33789
0.75                                    0.3435664
0.76                                    0.3309203
0.77                                    0.3734529
0.78                                    0.3287433
0.79                                    0.3289388
0.8                                     0.3078197
0.81                                    0.3073311
0.82                                    0.2836886
0.83                                    0.2937147
0.84                                    0.290152
0.85                                    0.2535996
0.86                                    0.2367131
0.87                                    0.243668
0.88                                    0.224514
0.89                                    0.2182107
0.9                                     0.192069
0.91                                    0.1893543
0.92                                    0.1618812
0.93                                    0.1581912
0.94                                    0.1511697
0.95                                    0.1125205
0.96                                    0.1074112
0.97                                    0.0831309
0.98                                    0.0914943
0.99                                    0.0705226
1.0                                     0.0175961


# Two-point Correlation Function (1/um)
--------------------------------------------------
lag (px)                                Value
--------------------------------------------------
0.5                                     0.3530636
1.0                                     0.360017
1.5                                     0.3509454
2.0                                     0.3495845
2.5                                     0.3322106
3.0                                     0.3392339
3.5                                     0.3299688
4.0                                     0.3320933
4.5                                     0.3349258
5.0                                     0.3286052
5.5                                     0.3111885
6.0                                     0.3110962
6.5                                     0.312733
7.0                                     0.3014988
7.5                                     0.2960432
8.0                                     0.2956464
8.5                                     0.2977061
9.0                                     0.2852895
9.5                                     0.2849983
10.0                                    0.2970354
10.5                                    0.2700705
11.0                                    0.2596841
11.5                                    0.2776859
12.0                                    0.2766786
12.5                                    0.2728758
13.0                                    0.266856
13.5                                    0.2629778
14.0                                    0.2653789
14.5                                    0.2690128
15.0                                    0.2507337
15.5                                    0.2569516
16.0                                    0.264072
16.5                                    0.2546504
17.0                                    0.2477715
17.5                                    0.2414694
18.0                                    0.2311577
18.5                                    0.245604
19.0                                    0.2354656
19.5                                    0.2382994
20.0                                    0.2369022
20.5                                    0.2512659
21.0                                    0.2373768
21.5                                    0.2415552
22.0                                    0.2433876
22.5                                    0.2409769
23.0                                    0.2357008
23.5                                    0.219858
24.0                                    0.2279047
24.5                                    0.2406842
25.0                                    0.2419651
25.5                                    0.2327863
26.0                                    0.2379667
26.5                                    0.2302722
27.0                                    0.218215
27.5                                    0.2230221
28.0                                    0.234878
28.5                                    0.2414023
29.0                                    0.2323423
29.5                                    0.2329653
30.0                                    0.2269807
30.5                                    0.2364671
31.0                                    0.2308536
31.5                                    0.2357359
32.0                                    0.2335787
32.5                                    0.2289976
33.0                                    0.2168526
33.5                                    0.2273147
34.0                                    0.2313141
34.5                                    0.2236795
35.0                                    0.2215347
35.5                                    0.2274992
36.0                                    0.2247018
36.5                                    0.2163658
37.0                                    0.2224931
37.5                                    0.2153541
38.0                                    0.2325322
38.5                                    0.225599
39.0                                    0.221544
39.5                                    0.2271381
40.0                                    0.2228796
40.5                                    0.2219881
41.0                                    0.228675
41.5                                    0.2165252
42.0                                    0.2297557
42.5                                    0.2234456
43.0                                    0.2205143
43.5                                    0.2236427
44.0                                    0.2183016
44.5                                    0.2143461
45.0                                    0.2287481
45.5                                    0.2220812
46.0                                    0.2185141
46.5                                    0.2207424
47.0                                    0.2383241
47.5                                    0.2288438
48.0                                    0.2226396
48.5                                    0.2246994
49.0                                    0.2371468
49.5                                    0.2329566
50.0                                    0.2232007


# Pore Radius Distribution (um)
--------------------------------------------------
Cumulative probability                  Value
--------------------------------------------------
0.01                                    4.4571966
0.02                                    6.2845949
0.03                                    7.2198452
0.04                                    9.5837842
0.05                                    8.4527461
0.06                                    9.647984
0.07                                    11.6283809
0.08                                    9.9590636
0.09                                    11.8538263
0.1                                     12.4727077
0.11                                    11.4157462
0.12                                    12.07838
0.13                                    10.7486153
0.14                                    11.6344
0.15                                    12.0400624
0.16                                    12.7085217
0.17                                    11.9453146
0.18                                    13.2423909
0.19                                    12.525948
0.2                                     12.0516236
0.21                                    13.7440212
0.22                                    13.5740848
0.23                                    13.1384038
0.24                                    13.8198005
0.25                                    14.2998267
0.26                                    14.3935305
0.27                                    15.1786739
0.28                                    14.1483001
0.29                                    15.7956829
0.3                                     13.9366021
0.31                                    15.3419177
0.32                                    15.0782207
0.33                                    16.1570653
0.34                                    14.0322811
0.35                                    15.0311124
0.36                                    15.3858995
0.37                                    15.0856765
0.38                                    14.3909709
0.39                                    14.6432479
0.4                                     16.2104533
0.41                                    14.7661759
0.42                                    15.2989286
0.43                                    15.6298207
0.44                                    16.5650743
0.45                                    15.5819822
0.46                                    16.2931068
0.47                                    16.8216293
0.48                                    15.4734603
0.49                                    15.6555689
0.5                                     16.0592634
0.51                                    16.4594487
0.52                                    16.9891657
0.53                                    16.2729806
0.54                                    16.6391959
0.55                                    16.985474
0.56                                    17.5810081
0.57                                    18.2442639
0.58                                    17.9247046
0.59                                    17.1094864
0.6                                     18.900562
0.61                                    16.4030498
0.62                                    17.6277797
0.63                                    17.6690487
0.64                                    18.1984005
0.65                                    18.0961638
0.66                                    18.9310881
0.67                                    17.4158184
0.68                                    17.2778503
0.69                                    16.8312089
0.7                                     18.2630012
0.71                                    17.8572563
0.72                                    18.5478106
0.73                                    19.2358018
0.74                                    19.0224956
0.75                                    19.65033
0.76                                    18.2579499
0.77                                    18.7023106
0.78                                    18.637187
0.79                                    18.7888998
0.8                                     19.3961988
0.81                                    18.3603792
0.82                                    18.7191965
0.83                                    19.9225379
0.84                                    19.0238038
0.85                                    19.614571
0.86                                    20.268016
0.87                                    19.8290276
0.88                                    20.9468091
0.89                                    20.5145693
0.9                                     19.8818872
0.91                                    22.1710216
0.92                                    22.0216684
0.93                                    21.3753737
0.94                                    22.3374663
0.95                                    21.8148685
0.96                                    22.2706565
0.97                                    21.6899405
0.98                                    23.7872398
0.99                                    23.9852986
1.0                                     28.0429567


# Throat Radius Distribution (um)
--------------------------------------------------
Cumulative probability                  Value
--------------------------------------------------
0.01                                    3.5682997
0.02                                    4.1442083
0.03                                    4.6781438
0.04                                    4.9780009
0.05                                    6.0496801
0.06                                    6.5592236
0.07                                    6.7875617
0.08                                    7.4011875
0.09                                    7.6225125
0.1                                     7.345797
0.11                                    7.554226
0.12                                    7.5601165
0.13                                    8.9510528
0.14                                    8.3865316
0.15                                    8.8182879
0.16                                    9.6010102
0.17                                    8.5048763
0.18                                    8.7948814
0.19                                    9.8808047
0.2                                     9.9716091
0.21                                    9.5783271
0.22                                    9.8559747
0.23                                    10.0089463
0.24                                    9.7773574
0.25                                    10.8938983
0.26                                    10.9218439
0.27                                    11.7344556
0.28                                    11.4840142
0.29                                    11.7511705
0.3                                     11.2870568
0.31                                    12.4116463
0.32                                    12.2317146
0.33                                    12.1562831
0.34                                    12.74831
0.35                                    11.5393952
0.36                                    11.7550778
0.37                                    12.5945588
0.38                                    12.6533381
0.39                                    11.5039336
0.4                                     14.3587211
0.41                                    12.1099529
0.42                                    13.3353693
0.43                                    12.7526254
0.44                                    14.2852512
0.45                                    15.1677811
0.46                                    14.0367489
0.47                                    13.8304599
0.48                                    14.055038
0.49                                    13.9813566
0.5                                     14.88217
0.51                                    14.3170797
0.52                                    14.6804555
0.53                                    16.0228511
0.54                                    14.6590565
0.55                                    15.5370632
0.56                                    14.437096
0.57                                    13.9983766
0.58                                    15.185314
0.59                                    16.6434891
0.6                                     16.4535509
0.61                                    14.9051722
0.62                                    16.6200732
0.63                                    15.1074192
0.64                                    15.0225333
0.65                                    16.5062394
0.66                                    14.8979416
0.67                                    16.9060595
0.68                                    15.9472923
0.69                                    16.3586388
0.7                                     15.9969383
0.71                                    16.9186416
0.72                                    17.1449091
0.73                                    16.2378383
0.74                                    16.6243109
0.75                                    17.36949
0.76                                    16.6238897
0.77                                    15.760378
0.78                                    17.4410236
0.79                                    16.4967664
0.8                                     17.3759271
0.81                                    16.3623524
0.82                                    16.9679909
0.83                                    17.4850234
0.84                                    17.3868507
0.85                                    17.7240039
0.86                                    17.7130091
0.87                                    17.3518654
0.88                                    18.5969129
0.89                                    18.1074404
0.9                                     17.8146782
0.91                                    18.535281
0.92                                    19.9687262
0.93                                    20.0136207
0.94                                    18.7417395
0.95                                    19.8933705
0.96                                    19.351537
0.97                                    20.641217
0.98                                    20.625451
0.99                                    20.4138508
1.0                                     24.9884049


# Throat Lenght Distribution (um)
--------------------------------------------------
Cumulative probability                  Value
--------------------------------------------------
0.01                                    21.393158
0.02                                    20.9369195
0.03                                    21.8441049
0.04                                    27.4495763
0.05                                    25.4567291
0.06                                    26.9997454
0.07                                    28.6503367
0.08                                    28.7636753
0.09                                    27.1156222
0.1                                     29.4133669
0.11                                    30.2848417
0.12                                    30.6108023
0.13                                    28.1107602
0.14                                    29.7584986
0.15                                    32.7471029
0.16                                    30.6803293
0.17                                    30.54082
0.18                                    35.2120306
0.19                                    30.4871536
0.2                                     35.346946
0.21                                    35.0999383
0.22                                    34.0477304
0.23                                    34.9544748
0.24                                    32.038507
0.25                                    35.2058011
0.26                                    33.5488002
0.27                                    35.8305249
0.28                                    35.1189851
0.29                                    34.4183144
0.3                                     35.0872556
0.31                                    34.6620075
0.32                                    35.4292549
0.33                                    39.5168953
0.34                                    35.3907101
0.35                                    37.5567795
0.36                                    38.408899
0.37                                    37.5192946
0.38                                    35.8017208
0.39                                    37.0057439
0.4                                     37.0033838
0.41                                    35.2127677
0.42                                    39.8478537
0.43                                    36.4871334
0.44                                    38.4556132
0.45                                    35.3090843
0.46                                    39.3336653
0.47                                    38.5345704
0.48                                    36.6441699
0.49                                    37.1740843
0.5                                     39.0797677
0.51                                    38.2276151
0.52                                    40.8816338
0.53                                    41.3988945
0.54                                    38.2173133
0.55                                    42.1069334
0.56                                    40.1079663
0.57                                    39.5918692
0.58                                    39.8087705
0.59                                    40.6955303
0.6                                     43.2104496
0.61                                    43.3857048
0.62                                    41.454304
0.63                                    41.0281284
0.64                                    40.9652078
0.65                                    44.4706421
0.66                                    43.9167743
0.67                                    44.0166084
0.68                                    44.0344337
0.69                                    43.1613876
0.7                                     42.7414311
0.71                                    45.4000459
0.72                                    46.1199228
0.73                                    42.414779
0.74                                    44.6351814
0.75                                    43.10303
0.76                                    42.5265421
0.77                                    45.2519697
0.78                                    44.6729851
0.79                                    43.7719154
0.8                                     45.4212334
0.81                                    47.7206219
0.82                                    42.618683
0.83                                    45.9036509
0.84                                    46.2419754
0.85                                    45.9387839
0.86                                    45.362147
0.87                                    48.7927855
0.88                                    45.5375388
0.89                                    48.7587911
0.9                                     47.6406669
0.91                                    46.2909504
0.92                                    47.0636118
0.93                                    51.7860728
0.94                                    49.59711
0.95                                    52.4258125
0.96                                    49.9001317
0.97                                    49.3130646
0.98                                    50.4485794
0.99                                    57.2186927
1.0                                     62.0830315


# Pore Inscribed Radius Distribution (um)
--------------------------------------------------
Cumulative probability                  Value
--------------------------------------------------
0.01                                    4.1959699
0.02                                    6.2137386
0.03                                    7.2965522
0.04                                    6.7797097
0.05                                    7.9046464
0.06                                    9.6950323
0.07                                    8.9466479
0.08                                    9.7798545
0.09                                    11.2075758
0.1                                     9.1476826
0.11                                    9.0324982
0.12                                    11.1720783
0.13                                    11.3207965
0.14                                    10.9811918
0.15                                    10.7618477
0.16                                    12.29315
0.17                                    12.6900439
0.18                                    12.0011752
0.19                                    11.3145929
0.2                                     11.1316151
0.21                                    11.9432868
0.22                                    13.4918482
0.23                                    12.2023708
0.24                                    12.3597715
0.25                                    12.9502921
0.26                                    13.1415313
0.27                                    12.9178189
0.28                                    12.4903617
0.29                                    13.0324418
0.3                                     13.4094195
0.31                                    12.7534836
0.32                                    12.3528181
0.33                                    14.8785208
0.34                                    13.7067778
0.35                                    12.6919939
0.36                                    12.8465946
0.37                                    14.61572
0.38                                    14.0985501
0.39                                    13.8136734
0.4                                     13.637501
0.41                                    14.0430038
0.42                                    13.7347851
0.43                                    13.6165276
0.44                                    13.7916839
0.45                                    14.2495401
0.46                                    14.6791305
0.47                                    14.023442
0.48                                    14.1306543
0.49                                    14.1690982
0.5                                     13.6564378
0.51                                    16.4619625
0.52                                    15.0193353
0.53                                    15.2546057
0.54                                    15.3001494
0.55                                    15.1425149
0.56                                    16.8270038
0.57                                    16.4056569
0.58                                    15.2109041
0.59                                    15.2894756
0.6                                     15.6382004
0.61                                    16.0095112
0.62                                    14.8110647
0.63                                    15.7525716
0.64                                    16.4462032
0.65                                    15.1350693
0.66                                    13.7558843
0.67                                    15.0075599
0.68                                    15.1834627
0.69                                    16.9010719
0.7                                     15.9748287
0.71                                    17.0603738
0.72                                    17.1733822
0.73                                    15.8424177
0.74                                    17.8984109
0.75                                    16.6575358
0.76                                    16.6575854
0.77                                    16.9009007
0.78                                    16.1765482
0.79                                    16.4596701
0.8                                     17.0770799
0.81                                    18.085311
0.82                                    18.3318825
0.83                                    16.2754956
0.84                                    16.5906241
0.85                                    17.0601615
0.86                                    17.9565707
0.87                                    18.3427917
0.88                                    17.4675862
0.89                                    18.5002104
0.9                                     17.6428101
0.91                                    18.3994756
0.92                                    17.3542371
0.93                                    18.1122791
0.94                                    17.6038526
0.95                                    19.7359614
0.96                                    18.6367097
0.97                                    19.4995543
0.98                                    17.5865661
0.99                                    19.2771088
1.0                                     21.9670279


# Throat Inscribed Radius Distribution (um)
--------------------------------------------------
Cumulative probability                  Value
--------------------------------------------------
0.01                                    1.8904705
0.02                                    2.5563815
0.03                                    2.9930202
0.04                                    3.4710102
0.05                                    3.8420304
0.06                                    4.4315447
0.07                                    5.2318072
0.08                                    4.8692567
0.09                                    5.3832974
0.1                                     5.4218274
0.11                                    6.487942
0.12                                    7.0052076
0.13                                    6.0974081
0.14                                    6.5945705
0.15                                    7.1802786
0.16                                    6.8208819
0.17                                    7.0175172
0.18                                    8.1420072
0.19                                    8.1959081
0.2                                     6.9587205
0.21                                    9.0016953
0.22                                    7.6779849
0.23                                    8.5004068
0.24                                    7.2915548
0.25                                    8.0802072
0.26                                    7.7564202
0.27                                    8.4105505
0.28                                    8.2234743
0.29                                    8.6945443
0.3                                     8.6839767
0.31                                    9.2134862
0.32                                    8.6576115
0.33                                    9.8996426
0.34                                    9.2937848
0.35                                    9.9037142
0.36                                    9.8585095
0.37                                    9.8249285
0.38                                    9.5743693
0.39                                    9.190283
0.4                                     9.3245347
0.41                                    10.1049748
0.42                                    10.3195989
0.43                                    10.176144
0.44                                    10.5637522
0.45                                    10.1757014
0.46                                    9.8435423
0.47                                    10.335311
0.48                                    11.7633996
0.49                                    10.6513731
0.5                                     10.7039875
0.51                                    10.584314
0.52                                    12.2810184
0.53                                    10.3177553
0.54                                    11.416888
0.55                                    10.8420084
0.56                                    10.8460068
0.57                                    10.784503
0.58                                    11.1881981
0.59                                    10.6419923
0.6                                     11.8290868
0.61                                    11.4136372
0.62                                    11.4092356
0.63                                    11.4414488
0.64                                    12.1151242
0.65                                    11.8771315
0.66                                    10.7389099
0.67                                    11.362777
0.68                                    11.5427844
0.69                                    11.8851133
0.7                                     12.0028998
0.71                                    12.83407
0.72                                    11.28079
0.73                                    12.1992144
0.74                                    13.1115569
0.75                                    12.4613274
0.76                                    11.5578133
0.77                                    12.3020486
0.78                                    13.2756516
0.79                                    11.7106598
0.8                                     12.6166798
0.81                                    12.1760986
0.82                                    12.124183
0.83                                    12.6055448
0.84                                    12.96051
0.85                                    13.1207954
0.86                                    12.9689514
0.87                                    11.9118221
0.88                                    12.9341665
0.89                                    13.9671715
0.9                                     13.3768163
0.91                                    12.961989
0.92                                    13.9862231
0.93                                    13.1309285
0.94                                    13.9332475
0.95                                    14.7640625
0.96                                    14.109754
0.97                                    16.0787391
0.98                                    14.6701584
0.99                                    15.2266912
1.0                                     18.1122823


# Throat Average Distance (um)
--------------------------------------------------
Cumulative probability                  Value
--------------------------------------------------
0.01                                    1.8918402
0.02                                    1.84725
0.03                                    2.0690146
0.04                                    2.1849466
0.05                                    2.5686566
0.06                                    2.7595641
0.07                                    2.7986307
0.08                                    3.2907821
0.09                                    3.1777958
0.1                                     3.3750506
0.11                                    3.6653884
0.12                                    3.2948217
0.13                                    3.8421458
0.14                                    3.4950419
0.15                                    3.8727371
0.16                                    3.7879762
0.17                                    4.0935845
0.18                                    3.9430236
0.19                                    4.3534047
0.2                                     3.9685748
0.21                                    4.2717115
0.22                                    4.2038341
0.23                                    4.7132352
0.24                                    4.6176065
0.25                                    4.2567558
0.26                                    4.7239536
0.27                                    4.5609955
0.28                                    4.4288958
0.29                                    5.2382366
0.3                                     4.9620475
0.31                                    5.4366717
0.32                                    5.3347629
0.33                                    4.641354
0.34                                    5.1975216
0.35                                    4.8845339
0.36                                    5.7144795
0.37                                    5.4206054
0.38                                    4.6769087
0.39                                    5.6043188
0.4                                     5.2619917
0.41                                    5.2651831
0.42                                    5.736646
0.43                                    5.4734418
0.44                                    5.6926352
0.45                                    5.512417
0.46                                    5.7088469
0.47                                    5.4171427
0.48                                    5.6163685
0.49                                    5.8997087
0.5                                     6.2486171
0.51                                    6.3445604
0.52                                    5.9969384
0.53                                    5.8915494
0.54                                    6.0638963
0.55                                    6.2263819
0.56                                    6.4354696
0.57                                    6.5922187
0.58                                    6.0467885
0.59                                    5.5278564
0.6                                     6.3744743
0.61                                    6.8198076
0.62                                    6.4201288
0.63                                    5.9488684
0.64                                    6.3688091
0.65                                    6.4463052
0.66                                    6.9923822
0.67                                    6.3330931
0.68                                    7.1268033
0.69                                    6.2382726
0.7                                     6.7664386
0.71                                    6.7608931
0.72                                    7.0272793
0.73                                    6.3260701
0.74                                    7.0371474
0.75                                    7.2374776
0.76                                    6.8225814
0.77                                    6.3100641
0.78                                    6.628791
0.79                                    7.3814441
0.8                                     6.8075245
0.81                                    7.3650273
0.82                                    7.9191609
0.83                                    7.3273706
0.84                                    6.9253341
0.85                                    7.1527608
0.86                                    7.2829626
0.87                                    7.7511365
0.88                                    7.5991066
0.89                                    7.5557638
0.9                                     8.2127302
0.91                                    7.8005239
0.92                                    7.6347781
0.93                                    7.7190085
0.94                                    8.2284718
0.95                                    8.439072
0.96                                    9.0928775
0.97                                    9.181493
0.98                                    9.1091138
0.99                                    9.9052169
1.0                                     12.6633356


# Throat Permeability Distribution (um2)
--------------------------------------------------
Cumulative probability                  Value
--------------------------------------------------
0.01                                    33.8035905
0.02                                    42.8672942
0.03                                    31.9194555
0.04                                    40.4258314
0.05                                    42.6692364
0.06                                    38.6929522
0.07                                    33.8151383
0.08                                    40.9345795
0.09                                    38.8549457
0.1                                     36.9657312
0.11                                    38.2992479
0.12                                    42.999711
0.13                                    35.4254253
0.14                                    37.7312564
0.15                                    33.5313339
0.16                                    44.7015764
0.17                                    46.4911367
0.18                                    45.4249066
0.19                                    37.0337962
0.2                                     42.9517228
0.21                                    39.2646633
0.22                                    41.602119
0.23                                    44.1334821
0.24                                    46.1591962
0.25                                    46.2587282
0.26                                    47.2731059
0.27                                    48.0782221
0.28                                    42.7520094
0.29                                    39.9989947
0.3                                     51.8708511
0.31                                    54.1921361
0.32                                    51.3491857
0.33                                    51.2564564
0.34                                    51.2829339
0.35                                    50.8204027
0.36                                    40.875201
0.37                                    59.8422039
0.38                                    61.9754743
0.39                                    47.8643151
0.4                                     50.2048956
0.41                                    53.2657587
0.42                                    60.3475153
0.43                                    63.2623627
0.44                                    62.1269906
0.45                                    50.8291857
0.46                                    73.1233093
0.47                                    62.7943244
0.48                                    65.5818634
0.49                                    70.1746995
0.5                                     64.3546042
0.51                                    56.6979699
0.52                                    63.163075
0.53                                    67.9583571
0.54                                    71.2221323
0.55                                    68.8388681
0.56                                    68.6636326
0.57                                    86.6264907
0.58                                    77.6384487
0.59                                    69.8922806
0.6                                     62.3042064
0.61                                    75.764283
0.62                                    69.0508173
0.63                                    87.9585799
0.64                                    84.1235437
0.65                                    81.7366339
0.66                                    83.9631673
0.67                                    106.1664037
0.68                                    76.6469608
0.69                                    92.5705187
0.7                                     75.7423126
0.71                                    82.2863232
0.72                                    91.4613027
0.73                                    86.5667715
0.74                                    77.1265662
0.75                                    86.3262294
0.76                                    91.4025544
0.77                                    103.5029904
0.78                                    99.5113391
0.79                                    84.6531659
0.8                                     99.8039748
0.81                                    94.8769993
0.82                                    102.7523275
0.83                                    109.5716134
0.84                                    97.1480971
0.85                                    97.2977551
0.86                                    118.3692522
0.87                                    100.8568665
0.88                                    124.6445135
0.89                                    132.1173865
0.9                                     115.2296991
0.91                                    119.9796903
0.92                                    130.1373555
0.93                                    128.4005735
0.94                                    125.4567152
0.95                                    131.6358008
0.96                                    166.9688514
0.97                                    150.7121249
0.98                                    151.0848684
0.99                                    188.9793635
1.0                                     360.037094


# Coordination Number Distribution
--------------------------------------------------
Cumulative probability                  Value
--------------------------------------------------
0.01                                    2.7963457
0.02                                    3.6267368
0.03                                    4.587305
0.04                                    5.8142497
0.05                                    6.4183993
0.06                                    7.0972501
0.07                                    8.1021734
0.08                                    8.333348
0.09                                    8.4087023
0.1                                     8.7034057
0.11                                    8.9208823
0.12                                    9.0368639
0.13                                    8.8582351
0.14                                    10.2533382
0.15                                    9.8972645
0.16                                    9.8903883
0.17                                    11.0068602
0.18                                    11.0163873
0.19                                    10.3648594
0.2                                     11.3426248
0.21                                    12.3847096
0.22                                    11.1368894
0.23                                    11.3594638
0.24                                    11.9236018
0.25                                    13.0235519
0.26                                    11.9810247
0.27                                    11.3975246
0.28                                    12.5365948
0.29                                    11.9489647
0.3                                     12.0156997
0.31                                    12.5418197
0.32                                    12.6272069
0.33                                    13.7465546
0.34                                    13.4212897
0.35                                    12.6007724
0.36                                    13.9199769
0.37                                    12.0628514
0.38                                    12.0862446
0.39                                    14.3312522
0.4                                     12.3115804
0.41                                    13.3114291
0.42                                    12.9044928
0.43                                    15.1603851
0.44                                    15.6995684
0.45                                    14.7546291
0.46                                    13.3662153
0.47                                    14.7286125
0.48                                    15.8184942
0.49                                    14.5756594
0.5                                     14.5424531
0.51                                    14.0379558
0.52                                    14.6436823
0.53                                    15.101948
0.54                                    14.4857328
0.55                                    15.6953039
0.56                                    15.2698486
0.57                                    14.1152456
0.58                                    15.7619693
0.59                                    13.9360803
0.6                                     14.787371
0.61                                    16.9395647
0.62                                    15.1930256
0.63                                    16.2922743
0.64                                    16.1662346
0.65                                    14.9560109
0.66                                    14.2645661
0.67                                    16.4560254
0.68                                    16.1995288
0.69                                    17.7470676
0.7                                     17.7645481
0.71                                    16.6579509
0.72                                    17.1388339
0.73                                    16.7657562
0.74                                    17.8337122
0.75                                    15.7873676
0.76                                    16.9204482
0.77                                    18.8419542
0.78                                    17.061307
0.79                                    18.2928491
0.8                                     18.0023655
0.81                                    18.5411505
0.82                                    18.1768668
0.83                                    18.6908448
0.84                                    17.0956386
0.85                                    19.4171919
0.86                                    19.316041
0.87                                    18.5540512
0.88                                    19.1145175
0.89                                    20.5729154
0.9                                     19.36358
0.91                                    19.9412982
0.92                                    20.3737623
0.93                                    20.9478148
0.94                                    21.0593128
0.95                                    20.9154053
0.96                                    22.114104
0.97                                    22.7123537
0.98                                    24.030263
0.99                                    23.7763972
1.0                                     32.3503944


# Pore Sphericity Distribution (ratio)
--------------------------------------------------
Cumulative probability                  Value
--------------------------------------------------
0.01                                    0.6000674
0.02                                    0.620807
0.03                                    0.6428615
0.04                                    0.650464
0.05                                    0.6614648
0.06                                    0.6806641
0.07                                    0.6708371
0.08                                    0.6785773
0.09                                    0.6936526
0.1                                     0.6969717
0.11                                    0.6926286
0.12                                    0.7023506
0.13                                    0.7083054
0.14                                    0.7067157
0.15                                    0.7060255
0.16                                    0.7197743
0.17                                    0.7115404
0.18                                    0.7155751
0.19                                    0.7207408
0.2                                     0.7042508
0.21                                    0.7103483
0.22                                    0.7254404
0.23                                    0.7348606
0.24                                    0.7309004
0.25                                    0.7274522
0.26                                    0.7366137
0.27                                    0.740546
0.28                                    0.7329403
0.29                                    0.7427764
0.3                                     0.7326973
0.31                                    0.7490379
0.32                                    0.7501837
0.33                                    0.7459317
0.34                                    0.7407045
0.35                                    0.7496079
0.36                                    0.7462654
0.37                                    0.7579091
0.38                                    0.7569922
0.39                                    0.7606265
0.4                                     0.7580013
0.41                                    0.7521425
0.42                                    0.7628185
0.43                                    0.7750739
0.44                                    0.7696818
0.45                                    0.7537554
0.46                                    0.7638538
0.47                                    0.76109
0.48                                    0.7578617
0.49                                    0.7575623
0.5                                     0.7692254
0.51                                    0.7576047
0.52                                    0.7677343
0.53                                    0.7743948
0.54                                    0.774613
0.55                                    0.7723612
0.56                                    0.763882
0.57                                    0.7812673
0.58                                    0.7669665
0.59                                    0.7731626
0.6                                     0.7788527
0.61                                    0.7758571
0.62                                    0.7845523
0.63                                    0.7786025
0.64                                    0.7785675
0.65                                    0.7886027
0.66                                    0.8062151
0.67                                    0.7953295
0.68                                    0.7910475
0.69                                    0.7906446
0.7                                     0.7955944
0.71                                    0.8008532
0.72                                    0.8028946
0.73                                    0.8121421
0.74                                    0.8017756
0.75                                    0.8043151
0.76                                    0.8152588
0.77                                    0.8144019
0.78                                    0.8047763
0.79                                    0.7985222
0.8                                     0.8191251
0.81                                    0.8156713
0.82                                    0.8300002
0.83                                    0.8198438
0.84                                    0.82424
0.85                                    0.8252619
0.86                                    0.8284883
0.87                                    0.8364533
0.88                                    0.828006
0.89                                    0.8402493
0.9                                     0.8370093
0.91                                    0.8458811
0.92                                    0.8481876
0.93                                    0.8472882
0.94                                    0.8508816
0.95                                    0.8651911
0.96                                    0.8719867
0.97                                    0.8867947
0.98                                    0.8984588
0.99                                    0.9231853
1.0                                     0.9595398


# Grain Sphericity Distribution (ratio)
--------------------------------------------------
Cumulative probability                  Value
--------------------------------------------------
0.01                                    0.5398048
0.02                                    0.5770174
0.03                                    0.5674797
0.04                                    0.5872648
0.05                                    0.6112958
0.06                                    0.613586
0.07                                    0.6177019
0.08                                    0.6243029
0.09                                    0.6362791
0.1                                     0.6430662
0.11                                    0.6517006
0.12                                    0.6537485
0.13                                    0.6485627
0.14                                    0.6465802
0.15                                    0.6618644
0.16                                    0.6578352
0.17                                    0.6704192
0.18                                    0.66784
0.19                                    0.6821912
0.2                                     0.6823773
0.21                                    0.6678846
0.22                                    0.6957202
0.23                                    0.6993581
0.24                                    0.696984
0.25                                    0.6996082
0.26                                    0.6959257
0.27                                    0.7080026
0.28                                    0.721742
0.29                                    0.7167649
0.3                                     0.7219999
0.31                                    0.7162134
0.32                                    0.7026331
0.33                                    0.7283666
0.34                                    0.7220383
0.35                                    0.7391221
0.36                                    0.7244611
0.37                                    0.7304827
0.38                                    0.7268491
0.39                                    0.7301529
0.4                                     0.7371321
0.41                                    0.7394822
0.42                                    0.725878
0.43                                    0.7545169
0.44                                    0.733254
0.45                                    0.739473
0.46                                    0.758119
0.47                                    0.7395775
0.48                                    0.7398972
0.49                                    0.7529795
0.5                                     0.7576203
0.51                                    0.7637694
0.52                                    0.7506273
0.53                                    0.7637414
0.54                                    0.7528342
0.55                                    0.7701942
0.56                                    0.7613487
0.57                                    0.7694254
0.58                                    0.7762126
0.59                                    0.7580168
0.6                                     0.7634931
0.61                                    0.775281
0.62                                    0.7782824
0.63                                    0.7782174
0.64                                    0.7777788
0.65                                    0.7797945
0.66                                    0.785181
0.67                                    0.7753318
0.68                                    0.7710725
0.69                                    0.7876087
0.7                                     0.7925836
0.71                                    0.7902247
0.72                                    0.7880957
0.73                                    0.8072856
0.74                                    0.7998312
0.75                                    0.795302
0.76                                    0.8052449
0.77                                    0.8114335
0.78                                    0.8122903
0.79                                    0.8138764
0.8                                     0.8059524
0.81                                    0.8176419
0.82                                    0.8199909
0.83                                    0.8110456
0.84                                    0.8275419
0.85                                    0.8244653
0.86                                    0.8317486
0.87                                    0.82466
0.88                                    0.8239564
0.89                                    0.83295
0.9                                     0.8505227
0.91                                    0.8453983
0.92                                    0.8475573
0.93                                    0.8538582
0.94                                    0.8449916
0.95                                    0.8706013
0.96                                    0.8551654
0.97                                    0.8827356
0.98                                    0.8919262
0.99                                    0.9089774
1.0                                     0.9638766


# Grain Radius Distribution (um)
--------------------------------------------------
Cumulative probability                  Value
--------------------------------------------------
0.01                                    5.9029778
0.02                                    7.823823
0.03                                    8.6688656
0.04                                    9.4312923
0.05                                    9.4321661
0.06                                    11.3295032
0.07                                    12.3399076
0.08                                    11.3586016
0.09                                    12.4062949
0.1                                     12.4195882
0.11                                    14.3903871
0.12                                    14.4328777
0.13                                    13.5653437
0.14                                    13.7835169
0.15                                    13.2447891
0.16                                    14.5558007
0.17                                    15.3851695
0.18                                    15.636072
0.19                                    15.0365124
0.2                                     14.8277429
0.21                                    15.5127694
0.22                                    14.2661288
0.23                                    16.490536
0.24                                    15.4318096
0.25                                    16.7537078
0.26                                    16.8947463
0.27                                    17.7740566
0.28                                    16.554713
0.29                                    17.0280397
0.3                                     16.6956795
0.31                                    17.0774015
0.32                                    18.3371852
0.33                                    17.1922841
0.34                                    17.9558391
0.35                                    18.1411647
0.36                                    18.3626966
0.37                                    19.1837174
0.38                                    18.8335921
0.39                                    19.3033672
0.4                                     18.804883
0.41                                    20.1514896
0.42                                    19.5844262
0.43                                    19.9209079
0.44                                    21.7053609
0.45                                    20.7111777
0.46                                    19.761859
0.47                                    21.0135266
0.48                                    19.1286731
0.49                                    21.6114142
0.5                                     21.4984086
0.51                                    22.3331914
0.52                                    21.6095688
0.53                                    22.1937359
0.54                                    20.7402127
0.55                                    21.5937174
0.56                                    21.2122968
0.57                                    20.5102912
0.58                                    23.5737356
0.59                                    23.203973
0.6                                     21.7821551
0.61                                    22.7263284
0.62                                    22.0575219
0.63                                    21.6305755
0.64                                    23.257471
0.65                                    23.3098364
0.66                                    20.4140586
0.67                                    22.0613761
0.68                                    23.9679857
0.69                                    24.451037
0.7                                     25.0097036
0.71                                    24.0320652
0.72                                    24.963775
0.73                                    24.3707522
0.74                                    24.8218224
0.75                                    24.4369724
0.76                                    24.9770195
0.77                                    26.6514522
0.78                                    23.5530487
0.79                                    24.4624533
0.8                                     25.6003538
0.81                                    24.6064636
0.82                                    27.4957156
0.83                                    26.3535947
0.84                                    26.5411708
0.85                                    26.8219857
0.86                                    25.9279127
0.87                                    28.2290604
0.88                                    24.7412935
0.89                                    25.8903418
0.9                                     27.6372849
0.91                                    27.558677
0.92                                    28.2449655
0.93                                    29.3272566
0.94                                    28.6899943
0.95                                    30.6548813
0.96                                    30.1294919
0.97                                    30.8824814
0.98                                    31.225794
0.99                                    32.8523576
1.0                                     39.7859511
