DeePore output results including 15 single-value
paramters, 4 functions and 11 distributions
__________________________________________________
        ### Single-value parameters ###
__________________________________________________

Properties                              Value
--------------------------------------------------
Absolute Permeability (um2)             0.0008215
Formation Factor (ratio)                108.789973
Cementation Factor (ratio)              2.8451993
pore density (1/um3)                    0.0016151
Tortuosity (ratio)                      1.7304173
Average Coordination Number             2.2344909
Average Throat Radius (um)              1.3181048
Average Pore Radius (um)                1.8567494
Average Throat Length (um)              6.1826355
Pore to Throat Aspect ratio             3.3709338
Specific Surface (1/um)                 0.0001054
Pore Sphericity (ratio)                 2.3615015
Grain Sphericity (ratio)                0.7557743
Average Grain Radius (um)               4.2375057
Relative Young Module (ratio)           0.5658524

__________________________________________________
       ### Functions and distributions ###
__________________________________________________


# Leveret J Function (ratio)
--------------------------------------------------
Wetting-sat (Sw)                        Value
--------------------------------------------------
0.01                                    0.4201733
0.02                                    0.6080336
0.03                                    0.5225751
0.04                                    0.5593329
0.05                                    0.5001999
0.06                                    0.6890354
0.07                                    0.8018798
0.08                                    0.7490856
0.09                                    0.6700958
0.1                                     0.73232
0.11                                    0.4038834
0.12                                    0.5406199
0.13                                    0.6988093
0.14                                    0.704303
0.15                                    0.6064721
0.16                                    0.4529815
0.17                                    0.6525603
0.18                                    0.4878413
0.19                                    0.5032691
0.2                                     0.8245665
0.21                                    0.5481806
0.22                                    0.5380457
0.23                                    0.4369233
0.24                                    0.7578383
0.25                                    0.4813586
0.26                                    0.486216
0.27                                    0.4141206
0.28                                    0.5468629
0.29                                    0.3552005
0.3                                     0.4508172
0.31                                    0.4497004
0.32                                    0.6105931
0.33                                    0.5503164
0.34                                    0.5384915
0.35                                    0.3271018
0.36                                    0.4503987
0.37                                    0.5768918
0.38                                    0.5389667
0.39                                    0.4588835
0.4                                     0.5096581
0.41                                    0.3845777
0.42                                    0.4395364
0.43                                    0.5769137
0.44                                    0.4479269
0.45                                    0.5038895
0.46                                    0.3392212
0.47                                    0.485289
0.48                                    0.4803156
0.49                                    0.4802055
0.5                                     0.5011256
0.51                                    0.3620377
0.52                                    0.4787582
0.53                                    0.4160393
0.54                                    0.3634831
0.55                                    0.3563601
0.56                                    0.4904694
0.57                                    0.326612
0.58                                    0.3806302
0.59                                    0.6528575
0.6                                     0.3562827
0.61                                    0.4492522
0.62                                    0.4176811
0.63                                    0.4798228
0.64                                    0.3569181
0.65                                    0.4681891
0.66                                    0.3032115
0.67                                    0.4332282
0.68                                    0.4079376
0.69                                    0.3003169
0.7                                     0.4613606
0.71                                    0.4828124
0.72                                    0.4823912
0.73                                    0.4492716
0.74                                    0.349556
0.75                                    0.3374478
0.76                                    0.3979672
0.77                                    0.4682873
0.78                                    0.3661424
0.79                                    0.286934
0.8                                     0.2563793
0.81                                    0.2341658
0.82                                    0.2450392
0.83                                    0.2860863
0.84                                    0.2293389
0.85                                    0.3898675
0.86                                    0.5239755
0.87                                    0.2685741
0.88                                    0.3402203
0.89                                    0.3343934
0.9                                     0.3892441
0.91                                    0.3480054
0.92                                    0.380903
0.93                                    0.2642352
0.94                                    0.2808624
0.95                                    0.3402031
0.96                                    0.2302271
0.97                                    0.2716161
0.98                                    0.2055208
0.99                                    0.2362101
1.0                                     0.0930551


# Wetting Relative Permeability (fraction)
--------------------------------------------------
Wetting-sat (Sw)                        Value
--------------------------------------------------
0.01                                    0.022564
0.02                                    0.0184289
0.03                                    0.0055902
0.04                                    0.006295
0.05                                    0.0107275
0.06                                    0.0221942
0.07                                    0.0078551
0.08                                    0.0135611
0.09                                    0.0111314
0.1                                     0.006764
0.11                                    0.0040191
0.12                                    0.0134324
0.13                                    0.0164633
0.14                                    0.0341704
0.15                                    0.0062616
0.16                                    0.0099437
0.17                                    0.0095512
0.18                                    0.0265734
0.19                                    0.0039983
0.2                                     0.0267805
0.21                                    0.0132758
0.22                                    0.0067871
0.23                                    0.0054959
0.24                                    0.0224551
0.25                                    0.0327367
0.26                                    0.0429843
0.27                                    0.0218948
0.28                                    0.0168209
0.29                                    0.0551024
0.3                                     0.038388
0.31                                    0.0363525
0.32                                    0.0597215
0.33                                    0.0428622
0.34                                    0.0380809
0.35                                    0.0264492
0.36                                    0.059437
0.37                                    0.0443601
0.38                                    0.0341321
0.39                                    0.1002841
0.4                                     0.0488407
0.41                                    0.0683632
0.42                                    0.0550814
0.43                                    0.0671522
0.44                                    0.0434491
0.45                                    0.1163222
0.46                                    0.0556169
0.47                                    0.0868071
0.48                                    0.0576731
0.49                                    0.0441896
0.5                                     0.06689
0.51                                    0.0901013
0.52                                    0.0834802
0.53                                    0.0983523
0.54                                    0.0773005
0.55                                    0.0852856
0.56                                    0.1250662
0.57                                    0.1337355
0.58                                    0.1064657
0.59                                    0.1238983
0.6                                     0.1264553
0.61                                    0.1293906
0.62                                    0.1699425
0.63                                    0.1363866
0.64                                    0.1393328
0.65                                    0.1780298
0.66                                    0.1983539
0.67                                    0.1570466
0.68                                    0.184857
0.69                                    0.2050019
0.7                                     0.1582613
0.71                                    0.2237514
0.72                                    0.1702176
0.73                                    0.172167
0.74                                    0.2331074
0.75                                    0.2959126
0.76                                    0.2832373
0.77                                    0.2687785
0.78                                    0.2930284
0.79                                    0.2901891
0.8                                     0.3056211
0.81                                    0.2896205
0.82                                    0.2547676
0.83                                    0.3755636
0.84                                    0.323229
0.85                                    0.3534806
0.86                                    0.331989
0.87                                    0.3563046
0.88                                    0.4047228
0.89                                    0.3435208
0.9                                     0.3097127
0.91                                    0.4863767
0.92                                    0.5001323
0.93                                    0.4592763
0.94                                    0.4818673
0.95                                    0.5843476
0.96                                    0.5397921
0.97                                    0.5855561
0.98                                    0.6758763
0.99                                    0.6937795
1.0                                     0.987025


# Non-Wetting Relative Permeability (fraction)
--------------------------------------------------
Wetting-sat (Sw)                        Value
--------------------------------------------------
0.01                                    0.9920766
0.02                                    0.9894205
0.03                                    0.9851831
0.04                                    0.9903048
0.05                                    0.9921409
0.06                                    0.9904913
0.07                                    0.9866779
0.08                                    0.9735456
0.09                                    0.9822637
0.1                                     0.9875025
0.11                                    0.9747447
0.12                                    0.9791894
0.13                                    0.9631951
0.14                                    0.969303
0.15                                    0.9786074
0.16                                    0.9566377
0.17                                    0.9561831
0.18                                    0.9492578
0.19                                    0.9352559
0.2                                     0.934925
0.21                                    0.9253454
0.22                                    0.921261
0.23                                    0.9232292
0.24                                    0.8961172
0.25                                    0.9000173
0.26                                    0.9231027
0.27                                    0.883648
0.28                                    0.8906977
0.29                                    0.8326876
0.3                                     0.8139764
0.31                                    0.8558603
0.32                                    0.8226647
0.33                                    0.8276359
0.34                                    0.835146
0.35                                    0.8123121
0.36                                    0.8388188
0.37                                    0.8226655
0.38                                    0.796288
0.39                                    0.7714242
0.4                                     0.8091107
0.41                                    0.8157507
0.42                                    0.8504277
0.43                                    0.8168257
0.44                                    0.8150449
0.45                                    0.7901725
0.46                                    0.7050161
0.47                                    0.6295472
0.48                                    0.7721562
0.49                                    0.8069921
0.5                                     0.717438
0.51                                    0.7105623
0.52                                    0.7216942
0.53                                    0.7713147
0.54                                    0.7569759
0.55                                    0.7694151
0.56                                    0.7014518
0.57                                    0.7510318
0.58                                    0.6933562
0.59                                    0.7219143
0.6                                     0.7005548
0.61                                    0.7260061
0.62                                    0.6762685
0.63                                    0.6931409
0.64                                    0.6798867
0.65                                    0.6055202
0.66                                    0.5529925
0.67                                    0.577611
0.68                                    0.6672187
0.69                                    0.5859252
0.7                                     0.5733984
0.71                                    0.6700621
0.72                                    0.5362004
0.73                                    0.5650382
0.74                                    0.5411916
0.75                                    0.4163398
0.76                                    0.5357437
0.77                                    0.3829091
0.78                                    0.4104041
0.79                                    0.4268239
0.8                                     0.4696325
0.81                                    0.3239263
0.82                                    0.2976115
0.83                                    0.3482635
0.84                                    0.3660226
0.85                                    0.2352798
0.86                                    0.2601895
0.87                                    0.1891345
0.88                                    0.188336
0.89                                    0.1201546
0.9                                     0.1926541
0.91                                    0.1074958
0.92                                    0.0575522
0.93                                    0.0710645
0.94                                    0.0216198
0.95                                    0.020392
0.96                                    0.0279584
0.97                                    0.0211134
0.98                                    0.0122783
0.99                                    0.0144034
1.0                                     0.0453421


# Two-point Correlation Function (1/um)
--------------------------------------------------
lag (px)                                Value
--------------------------------------------------
0.5                                     0.1053514
1.0                                     0.0890002
1.5                                     0.0878614
2.0                                     0.1101128
2.5                                     0.0932719
3.0                                     0.0818396
3.5                                     0.0788201
4.0                                     0.0850354
4.5                                     0.0789126
5.0                                     0.0570995
5.5                                     0.0930888
6.0                                     0.0624136
6.5                                     0.0834112
7.0                                     0.0554433
7.5                                     0.0680994
8.0                                     0.0484321
8.5                                     0.0425201
9.0                                     0.0454439
9.5                                     0.048947
10.0                                    0.0426172
10.5                                    0.0462769
11.0                                    0.0468279
11.5                                    0.0513855
12.0                                    0.0463147
12.5                                    0.0556994
13.0                                    0.0416448
13.5                                    0.0329136
14.0                                    0.0395371
14.5                                    0.0385974
15.0                                    0.0336962
15.5                                    0.0410456
16.0                                    0.0381962
16.5                                    0.0425851
17.0                                    0.0301436
17.5                                    0.0378234
18.0                                    0.0333319
18.5                                    0.0318028
19.0                                    0.0367351
19.5                                    0.0366288
20.0                                    0.0260028
20.5                                    0.0316435
21.0                                    0.0324915
21.5                                    0.0249478
22.0                                    0.0277347
22.5                                    0.0298284
23.0                                    0.0222267
23.5                                    0.0314836
24.0                                    0.0279144
24.5                                    0.0254243
25.0                                    0.0260358
25.5                                    0.0365374
26.0                                    0.0284247
26.5                                    0.0290369
27.0                                    0.0292928
27.5                                    0.0234047
28.0                                    0.0212085
28.5                                    0.0246459
29.0                                    0.0278513
29.5                                    0.022929
30.0                                    0.0272306
30.5                                    0.0219151
31.0                                    0.0210624
31.5                                    0.0248057
32.0                                    0.0200383
32.5                                    0.0238637
33.0                                    0.024513
33.5                                    0.0209808
34.0                                    0.0210566
34.5                                    0.0217001
35.0                                    0.025715
35.5                                    0.0203742
36.0                                    0.0247283
36.5                                    0.0203002
37.0                                    0.021506
37.5                                    0.0220653
38.0                                    0.0255748
38.5                                    0.01753
39.0                                    0.0187661
39.5                                    0.0169942
40.0                                    0.0251255
40.5                                    0.0234427
41.0                                    0.0241281
41.5                                    0.0221436
42.0                                    0.0211954
42.5                                    0.0201831
43.0                                    0.0194431
43.5                                    0.0193298
44.0                                    0.018045
44.5                                    0.0209303
45.0                                    0.0232451
45.5                                    0.0208033
46.0                                    0.016432
46.5                                    0.0200993
47.0                                    0.0192688
47.5                                    0.0213351
48.0                                    0.0187982
48.5                                    0.0202786
49.0                                    0.019942
49.5                                    0.0178445
50.0                                    0.0219978


# Pore Radius Distribution (um)
--------------------------------------------------
Cumulative probability                  Value
--------------------------------------------------
0.01                                    2.6612116
0.02                                    2.1561607
0.03                                    3.342188
0.04                                    4.3530223
0.05                                    2.8056959
0.06                                    2.3002925
0.07                                    4.2997423
0.08                                    4.1722231
0.09                                    3.1772694
0.1                                     4.4685647
0.11                                    3.9529099
0.12                                    3.4302153
0.13                                    3.6167357
0.14                                    4.5925161
0.15                                    6.0158943
0.16                                    5.9390347
0.17                                    6.2505349
0.18                                    4.7050466
0.19                                    7.0542533
0.2                                     5.4203726
0.21                                    5.6084696
0.22                                    5.8397791
0.23                                    6.095946
0.24                                    7.9035135
0.25                                    6.4203029
0.26                                    6.9053927
0.27                                    4.5818246
0.28                                    7.106362
0.29                                    6.8409742
0.3                                     7.4443159
0.31                                    6.1384296
0.32                                    5.9299211
0.33                                    6.670664
0.34                                    7.5884078
0.35                                    6.4594908
0.36                                    7.8046222
0.37                                    6.8903554
0.38                                    9.3386016
0.39                                    7.0187407
0.4                                     6.3015858
0.41                                    7.8526878
0.42                                    10.4011785
0.43                                    7.6676086
0.44                                    9.3120424
0.45                                    6.7308886
0.46                                    9.5750477
0.47                                    8.8945023
0.48                                    6.7098697
0.49                                    6.7784583
0.5                                     8.5609405
0.51                                    8.7155799
0.52                                    8.596416
0.53                                    10.4948392
0.54                                    8.9966812
0.55                                    8.2442155
0.56                                    8.8805062
0.57                                    8.4007489
0.58                                    8.6203587
0.59                                    7.2764254
0.6                                     11.5266974
0.61                                    11.6316643
0.62                                    12.0677509
0.63                                    11.152096
0.64                                    11.1441539
0.65                                    9.1160056
0.66                                    10.332877
0.67                                    11.229801
0.68                                    10.5161443
0.69                                    14.0765087
0.7                                     10.9528648
0.71                                    11.3487759
0.72                                    11.1502336
0.73                                    12.6643033
0.74                                    12.9799544
0.75                                    9.9281761
0.76                                    8.8299659
0.77                                    10.9639187
0.78                                    13.4750023
0.79                                    10.6189837
0.8                                     9.9232835
0.81                                    12.0205701
0.82                                    11.989378
0.83                                    13.7074338
0.84                                    11.3989988
0.85                                    13.66764
0.86                                    15.2484277
0.87                                    12.2364047
0.88                                    13.488158
0.89                                    15.8486204
0.9                                     16.3406215
0.91                                    13.0031228
0.92                                    11.4953815
0.93                                    11.4253305
0.94                                    15.3744658
0.95                                    15.0780547
0.96                                    14.285393
0.97                                    14.8649696
0.98                                    14.6786555
0.99                                    19.1161232
1.0                                     19.5341798


# Throat Radius Distribution (um)
--------------------------------------------------
Cumulative probability                  Value
--------------------------------------------------
0.01                                    1.1039207
0.02                                    3.2693358
0.03                                    1.9247568
0.04                                    1.9900873
0.05                                    2.64955
0.06                                    1.5895404
0.07                                    2.8488751
0.08                                    3.3581507
0.09                                    1.8585117
0.1                                     3.9519348
0.11                                    3.3905224
0.12                                    3.3553742
0.13                                    5.4652746
0.14                                    4.457852
0.15                                    2.7821277
0.16                                    5.4049351
0.17                                    4.9239334
0.18                                    5.9996729
0.19                                    5.8461187
0.2                                     3.6643839
0.21                                    5.428738
0.22                                    4.2015002
0.23                                    4.1531483
0.24                                    4.2841626
0.25                                    4.4871246
0.26                                    3.6951563
0.27                                    4.1438774
0.28                                    5.4452068
0.29                                    4.7538383
0.3                                     3.8305541
0.31                                    7.8044147
0.32                                    5.4322064
0.33                                    6.9014231
0.34                                    6.6333407
0.35                                    4.2433018
0.36                                    6.9849963
0.37                                    5.3178719
0.38                                    5.3332397
0.39                                    5.3247984
0.4                                     5.4355653
0.41                                    5.7755865
0.42                                    5.8756445
0.43                                    7.499961
0.44                                    6.1368317
0.45                                    6.6351048
0.46                                    5.0240438
0.47                                    5.4717701
0.48                                    6.7843741
0.49                                    6.4206455
0.5                                     5.6802838
0.51                                    8.2054398
0.52                                    9.3868493
0.53                                    7.2956148
0.54                                    6.7647349
0.55                                    7.2705915
0.56                                    7.3419098
0.57                                    8.415676
0.58                                    6.0981515
0.59                                    9.0966552
0.6                                     7.9866211
0.61                                    6.4517361
0.62                                    8.2111272
0.63                                    6.2493436
0.64                                    6.4152941
0.65                                    6.6267801
0.66                                    7.0786154
0.67                                    8.6341812
0.68                                    8.4728081
0.69                                    7.1484087
0.7                                     7.7088125
0.71                                    8.2959995
0.72                                    8.2994258
0.73                                    8.4985572
0.74                                    11.2746441
0.75                                    12.7107941
0.76                                    10.0910442
0.77                                    9.8252823
0.78                                    8.9186065
0.79                                    10.2365053
0.8                                     9.4461827
0.81                                    9.2783408
0.82                                    10.5305225
0.83                                    13.1408022
0.84                                    11.2192902
0.85                                    11.2359901
0.86                                    7.3839573
0.87                                    9.0327707
0.88                                    10.8780172
0.89                                    12.7290532
0.9                                     13.3389846
0.91                                    10.3400218
0.92                                    10.7158524
0.93                                    10.8560333
0.94                                    12.5921751
0.95                                    11.233569
0.96                                    12.5278497
0.97                                    12.750003
0.98                                    14.0055708
0.99                                    14.6185073
1.0                                     16.3094861


# Throat Lenght Distribution (um)
--------------------------------------------------
Cumulative probability                  Value
--------------------------------------------------
0.01                                    12.767592
0.02                                    16.1069291
0.03                                    17.6237613
0.04                                    20.0025883
0.05                                    18.2261124
0.06                                    20.707555
0.07                                    22.1545321
0.08                                    13.1463546
0.09                                    23.9602179
0.1                                     19.4039234
0.11                                    27.2202056
0.12                                    17.6101253
0.13                                    19.3634263
0.14                                    21.5822987
0.15                                    21.8226524
0.16                                    24.4340229
0.17                                    20.4214497
0.18                                    19.3496525
0.19                                    29.4417839
0.2                                     20.4676836
0.21                                    23.5079005
0.22                                    18.0330609
0.23                                    23.7112228
0.24                                    26.2493729
0.25                                    22.8677447
0.26                                    21.1859002
0.27                                    27.8418984
0.28                                    21.3872639
0.29                                    24.9537825
0.3                                     23.840836
0.31                                    25.3067502
0.32                                    22.0870692
0.33                                    29.0947103
0.34                                    20.7493067
0.35                                    28.4521053
0.36                                    24.4654294
0.37                                    28.8711446
0.38                                    22.3128232
0.39                                    23.8972103
0.4                                     33.4944009
0.41                                    20.2344041
0.42                                    24.2331913
0.43                                    22.8835722
0.44                                    24.8317713
0.45                                    33.9920683
0.46                                    21.9855085
0.47                                    32.2736353
0.48                                    27.0845035
0.49                                    25.8756028
0.5                                     20.9604298
0.51                                    24.9789304
0.52                                    30.8844341
0.53                                    23.5218978
0.54                                    28.5829525
0.55                                    24.6091911
0.56                                    27.8748742
0.57                                    36.8547113
0.58                                    27.983683
0.59                                    23.0305035
0.6                                     28.0482578
0.61                                    24.9226741
0.62                                    32.613378
0.63                                    30.4175087
0.64                                    26.6013718
0.65                                    28.0111021
0.66                                    28.3436339
0.67                                    35.4676052
0.68                                    34.3971683
0.69                                    20.2315119
0.7                                     29.8170426
0.71                                    23.4113375
0.72                                    23.9260683
0.73                                    29.5222793
0.74                                    27.4863987
0.75                                    38.6533146
0.76                                    29.172446
0.77                                    25.8293688
0.78                                    27.1910433
0.79                                    31.1103288
0.8                                     30.7069989
0.81                                    33.8650574
0.82                                    28.9914271
0.83                                    36.7846647
0.84                                    38.8581337
0.85                                    25.870897
0.86                                    37.1213081
0.87                                    30.5353875
0.88                                    32.9997956
0.89                                    37.942311
0.9                                     36.8633776
0.91                                    36.0196946
0.92                                    34.6805905
0.93                                    44.4127565
0.94                                    37.8782931
0.95                                    36.0431014
0.96                                    32.5368307
0.97                                    43.0072288
0.98                                    39.2474704
0.99                                    44.3835693
1.0                                     44.9713113


# Pore Inscribed Radius Distribution (um)
--------------------------------------------------
Cumulative probability                  Value
--------------------------------------------------
0.01                                    1.7069557
0.02                                    1.4727166
0.03                                    1.4383869
0.04                                    1.5055949
0.05                                    2.3281463
0.06                                    1.7287003
0.07                                    1.5623941
0.08                                    2.2270912
0.09                                    2.4827068
0.1                                     2.3263076
0.11                                    2.3941711
0.12                                    2.0081641
0.13                                    2.7494964
0.14                                    2.6977146
0.15                                    2.3741161
0.16                                    2.1041132
0.17                                    2.8552442
0.18                                    3.3153051
0.19                                    2.5668317
0.2                                     2.8441817
0.21                                    3.5834109
0.22                                    3.9356323
0.23                                    3.388842
0.24                                    3.1373851
0.25                                    3.3497325
0.26                                    3.5836506
0.27                                    4.9973978
0.28                                    3.9042608
0.29                                    4.2018206
0.3                                     4.8084874
0.31                                    6.1833071
0.32                                    4.0467807
0.33                                    5.1440773
0.34                                    5.1957086
0.35                                    4.2375932
0.36                                    4.662113
0.37                                    4.0542163
0.38                                    5.7261994
0.39                                    4.8702997
0.4                                     4.2056478
0.41                                    4.5497398
0.42                                    5.8801757
0.43                                    4.8748358
0.44                                    5.2674466
0.45                                    4.4040162
0.46                                    5.02526
0.47                                    4.0602179
0.48                                    6.1701898
0.49                                    5.5951205
0.5                                     3.8397406
0.51                                    4.8624997
0.52                                    5.8146773
0.53                                    7.3234509
0.54                                    6.0678359
0.55                                    6.6215561
0.56                                    6.1851509
0.57                                    5.1631854
0.58                                    7.0863251
0.59                                    7.4154303
0.6                                     6.4031408
0.61                                    5.7534466
0.62                                    6.2812456
0.63                                    5.9882821
0.64                                    7.4915206
0.65                                    6.2734546
0.66                                    7.2521636
0.67                                    6.7848775
0.68                                    5.5317471
0.69                                    6.9199567
0.7                                     8.6584849
0.71                                    8.1303563
0.72                                    4.4339391
0.73                                    7.817839
0.74                                    9.5380672
0.75                                    7.4160624
0.76                                    8.8223409
0.77                                    9.0257279
0.78                                    8.7104453
0.79                                    9.7239478
0.8                                     7.5258047
0.81                                    10.1709111
0.82                                    8.6435508
0.83                                    6.9998649
0.84                                    8.7055206
0.85                                    8.6035969
0.86                                    7.4737244
0.87                                    10.6341175
0.88                                    10.1863537
0.89                                    10.0624225
0.9                                     9.4500375
0.91                                    10.1378114
0.92                                    10.7118672
0.93                                    10.7931772
0.94                                    8.0499348
0.95                                    9.4640583
0.96                                    10.7469401
0.97                                    11.2196209
0.98                                    14.7832252
0.99                                    11.2670238
1.0                                     14.5062358


# Throat Inscribed Radius Distribution (um)
--------------------------------------------------
Cumulative probability                  Value
--------------------------------------------------
0.01                                    2.1335906
0.02                                    1.3538581
0.03                                    1.9731783
0.04                                    1.61924
0.05                                    1.7028421
0.06                                    1.9336938
0.07                                    1.2704114
0.08                                    1.8791969
0.09                                    1.6478132
0.1                                     1.6183209
0.11                                    2.7704808
0.12                                    1.8268673
0.13                                    1.7000169
0.14                                    2.3057272
0.15                                    2.1441983
0.16                                    1.9724274
0.17                                    1.6004867
0.18                                    2.1480543
0.19                                    2.4889112
0.2                                     2.3756123
0.21                                    2.3104394
0.22                                    2.4857582
0.23                                    1.9106905
0.24                                    2.5381047
0.25                                    2.5790355
0.26                                    2.5615619
0.27                                    2.6617135
0.28                                    2.7656923
0.29                                    3.2867444
0.3                                     2.9242736
0.31                                    2.7159664
0.32                                    2.7583314
0.33                                    2.5584366
0.34                                    5.046482
0.35                                    3.3399402
0.36                                    3.1015789
0.37                                    3.6421186
0.38                                    3.0353679
0.39                                    3.5886249
0.4                                     4.0831569
0.41                                    3.3513583
0.42                                    4.132283
0.43                                    3.8125072
0.44                                    3.8558189
0.45                                    3.490371
0.46                                    4.9266205
0.47                                    2.9050728
0.48                                    3.8050688
0.49                                    4.5497596
0.5                                     4.4159986
0.51                                    4.6317164
0.52                                    4.8349938
0.53                                    5.3017628
0.54                                    3.9462079
0.55                                    4.1091896
0.56                                    3.2740908
0.57                                    3.456865
0.58                                    3.9524298
0.59                                    3.948061
0.6                                     3.7685598
0.61                                    4.6686102
0.62                                    5.0131606
0.63                                    4.2642119
0.64                                    5.6862083
0.65                                    5.4584101
0.66                                    5.2882071
0.67                                    5.5615774
0.68                                    4.3978101
0.69                                    4.8754064
0.7                                     4.0220906
0.71                                    5.4703808
0.72                                    5.0024262
0.73                                    5.0066659
0.74                                    6.1928593
0.75                                    5.6200145
0.76                                    5.8336819
0.77                                    4.5063385
0.78                                    6.6501343
0.79                                    5.8909559
0.8                                     7.6700018
0.81                                    6.9476941
0.82                                    5.1737307
0.83                                    6.6444167
0.84                                    4.5675502
0.85                                    7.1193618
0.86                                    6.3878929
0.87                                    8.4494611
0.88                                    8.0930414
0.89                                    7.7118364
0.9                                     7.3430251
0.91                                    8.4122118
0.92                                    6.9369231
0.93                                    7.5365655
0.94                                    10.1278689
0.95                                    9.0852378
0.96                                    9.3521571
0.97                                    8.5289029
0.98                                    12.5646517
0.99                                    9.7205503
1.0                                     15.1407797


# Throat Average Distance (um)
--------------------------------------------------
Cumulative probability                  Value
--------------------------------------------------
0.01                                    1.404359
0.02                                    1.2619058
0.03                                    1.1937718
0.04                                    1.4054816
0.05                                    1.8065897
0.06                                    1.9473522
0.07                                    1.2562501
0.08                                    1.8713673
0.09                                    1.6239069
0.1                                     1.4164379
0.11                                    1.4364657
0.12                                    1.7077788
0.13                                    1.4394201
0.14                                    1.2079441
0.15                                    1.7258236
0.16                                    1.5396073
0.17                                    1.8765866
0.18                                    1.4966004
0.19                                    1.3568973
0.2                                     1.4929788
0.21                                    1.4011401
0.22                                    1.8057706
0.23                                    1.6541064
0.24                                    1.6520051
0.25                                    1.5726769
0.26                                    2.1336011
0.27                                    2.0776089
0.28                                    1.6824382
0.29                                    1.6454896
0.3                                     1.8117304
0.31                                    2.4309619
0.32                                    2.1363188
0.33                                    2.0669296
0.34                                    1.8410123
0.35                                    1.9199652
0.36                                    1.6030991
0.37                                    1.9653275
0.38                                    2.030593
0.39                                    2.5662986
0.4                                     2.1267984
0.41                                    1.8288978
0.42                                    1.735394
0.43                                    2.219746
0.44                                    2.3365985
0.45                                    2.23443
0.46                                    2.6683121
0.47                                    2.389904
0.48                                    2.1606658
0.49                                    2.2996423
0.5                                     2.9041468
0.51                                    2.2687445
0.52                                    2.431066
0.53                                    3.3709929
0.54                                    2.7842818
0.55                                    2.4851607
0.56                                    2.0520442
0.57                                    2.5219653
0.58                                    2.1651647
0.59                                    2.514279
0.6                                     2.9782708
0.61                                    2.5301699
0.62                                    3.0387095
0.63                                    2.5811142
0.64                                    3.5008406
0.65                                    3.3586249
0.66                                    2.6363164
0.67                                    4.1612855
0.68                                    2.3184526
0.69                                    3.4135135
0.7                                     2.8489432
0.71                                    3.3535866
0.72                                    3.3361239
0.73                                    2.245494
0.74                                    2.8100424
0.75                                    2.8199248
0.76                                    3.1959361
0.77                                    3.5600615
0.78                                    3.634252
0.79                                    2.7512729
0.8                                     2.4194293
0.81                                    4.7568549
0.82                                    3.4866182
0.83                                    3.1732644
0.84                                    3.6037732
0.85                                    4.1385559
0.86                                    4.0102213
0.87                                    3.573214
0.88                                    3.7062846
0.89                                    3.7460396
0.9                                     4.7060984
0.91                                    3.5717657
0.92                                    4.3780092
0.93                                    4.8814028
0.94                                    5.1253442
0.95                                    5.3640549
0.96                                    5.246637
0.97                                    5.6230751
0.98                                    5.6777252
0.99                                    5.7982771
1.0                                     7.3038107


# Throat Permeability Distribution (um2)
--------------------------------------------------
Cumulative probability                  Value
--------------------------------------------------
0.01                                    36.0883322
0.02                                    13.6450777
0.03                                    21.014495
0.04                                    9.8796746
0.05                                    19.296065
0.06                                    4.8956956
0.07                                    11.2369611
0.08                                    3.5380285
0.09                                    9.7468535
0.1                                     26.8281364
0.11                                    13.9562422
0.12                                    16.1121903
0.13                                    12.3604864
0.14                                    29.6787895
0.15                                    23.1875831
0.16                                    15.8468729
0.17                                    38.685632
0.18                                    26.7757616
0.19                                    11.8468277
0.2                                     6.6698828
0.21                                    20.3685272
0.22                                    79.3898583
0.23                                    29.1903722
0.24                                    27.0169965
0.25                                    50.1472596
0.26                                    34.1555114
0.27                                    35.1287228
0.28                                    28.415884
0.29                                    73.9653835
0.3                                     31.4416955
0.31                                    31.9233166
0.32                                    55.0034376
0.33                                    17.6431538
0.34                                    24.1369644
0.35                                    25.9598081
0.36                                    38.9507614
0.37                                    19.3041681
0.38                                    23.6881011
0.39                                    63.8731149
0.4                                     25.9689238
0.41                                    60.4303493
0.42                                    20.9629528
0.43                                    52.0426338
0.44                                    52.4831529
0.45                                    30.0930529
0.46                                    20.4034309
0.47                                    14.2673537
0.48                                    42.2036864
0.49                                    41.1052048
0.5                                     15.6920839
0.51                                    54.4769596
0.52                                    128.1545211
0.53                                    18.1019157
0.54                                    60.1172221
0.55                                    16.5006303
0.56                                    29.7425562
0.57                                    22.3707375
0.58                                    22.0827409
0.59                                    23.6455556
0.6                                     29.4484193
0.61                                    32.2554821
0.62                                    29.1485855
0.63                                    25.9212555
0.64                                    52.2036596
0.65                                    32.8742362
0.66                                    32.4456635
0.67                                    6.2189166
0.68                                    15.2097411
0.69                                    18.853932
0.7                                     18.6905851
0.71                                    44.6169356
0.72                                    22.4426024
0.73                                    42.706262
0.74                                    80.7083037
0.75                                    35.5867854
0.76                                    13.7306396
0.77                                    32.1773482
0.78                                    38.4229363
0.79                                    34.325722
0.8                                     41.2156931
0.81                                    17.3425678
0.82                                    39.5994618
0.83                                    50.6775151
0.84                                    10.6366989
0.85                                    25.2730148
0.86                                    118.2645379
0.87                                    34.4789936
0.88                                    20.6972271
0.89                                    49.1065233
0.9                                     24.1297149
0.91                                    66.3037855
0.92                                    66.6452612
0.93                                    35.1227657
0.94                                    34.929093
0.95                                    52.9367244
0.96                                    54.0494607
0.97                                    90.5723366
0.98                                    106.0868874
0.99                                    80.1745087
1.0                                     60.5822127


# Coordination Number Distribution
--------------------------------------------------
Cumulative probability                  Value
--------------------------------------------------
0.01                                    0.5863155
0.02                                    2.2507473
0.03                                    1.0309842
0.04                                    0.7811784
0.05                                    0.9447859
0.06                                    0.9211328
0.07                                    1.1496494
0.08                                    1.8121694
0.09                                    2.14092
0.1                                     0.9090126
0.11                                    1.0067594
0.12                                    1.8912033
0.13                                    1.8342327
0.14                                    1.8123962
0.15                                    1.9672188
0.16                                    2.3652727
0.17                                    2.0043485
0.18                                    3.3694045
0.19                                    3.1353688
0.2                                     3.8542186
0.21                                    3.4187009
0.22                                    3.2512338
0.23                                    3.0871769
0.24                                    6.4231842
0.25                                    3.4477808
0.26                                    2.7340684
0.27                                    5.3942012
0.28                                    4.1696456
0.29                                    2.9184622
0.3                                     5.5341009
0.31                                    2.2302235
0.32                                    4.3914639
0.33                                    5.8919195
0.34                                    1.9071524
0.35                                    4.0861881
0.36                                    7.7057863
0.37                                    3.0471009
0.38                                    3.1181055
0.39                                    8.4335006
0.4                                     3.8112537
0.41                                    3.0433717
0.42                                    5.571789
0.43                                    7.0903012
0.44                                    5.8092265
0.45                                    5.4547932
0.46                                    5.5494277
0.47                                    5.7836431
0.48                                    4.7266615
0.49                                    7.0261565
0.5                                     5.03264
0.51                                    6.2924573
0.52                                    4.2513272
0.53                                    7.9531608
0.54                                    6.3019215
0.55                                    4.4010662
0.56                                    6.6879048
0.57                                    6.3213985
0.58                                    4.7157372
0.59                                    8.7603112
0.6                                     7.1048411
0.61                                    4.8440502
0.62                                    4.4974982
0.63                                    9.0496107
0.64                                    5.8302297
0.65                                    8.6906674
0.66                                    5.3792281
0.67                                    8.4471681
0.68                                    12.0619081
0.69                                    6.1181729
0.7                                     8.4579703
0.71                                    8.2628178
0.72                                    6.675659
0.73                                    5.8558339
0.74                                    9.4189976
0.75                                    6.7668967
0.76                                    8.0515728
0.77                                    6.9564395
0.78                                    9.9605349
0.79                                    9.1140449
0.8                                     6.3743115
0.81                                    8.217571
0.82                                    8.4743969
0.83                                    7.7060655
0.84                                    11.1218027
0.85                                    7.4837514
0.86                                    9.0736558
0.87                                    10.418806
0.88                                    8.697105
0.89                                    13.6799112
0.9                                     12.651778
0.91                                    14.1182197
0.92                                    10.0105311
0.93                                    10.5173653
0.94                                    6.968364
0.95                                    13.9391277
0.96                                    10.0818116
0.97                                    10.675123
0.98                                    9.9798322
0.99                                    13.4903244
1.0                                     20.7226122


# Pore Sphericity Distribution (ratio)
--------------------------------------------------
Cumulative probability                  Value
--------------------------------------------------
0.01                                    0.5894878
0.02                                    0.5650322
0.03                                    0.5888054
0.04                                    0.6455872
0.05                                    0.5979615
0.06                                    0.6089763
0.07                                    0.6621348
0.08                                    0.6513615
0.09                                    0.6343626
0.1                                     0.5904199
0.11                                    0.6921728
0.12                                    0.6609266
0.13                                    0.6286354
0.14                                    0.6631471
0.15                                    0.619544
0.16                                    0.68469
0.17                                    0.6527988
0.18                                    0.6942354
0.19                                    0.6880947
0.2                                     0.6823805
0.21                                    0.6676576
0.22                                    0.7039941
0.23                                    0.6568507
0.24                                    0.7002268
0.25                                    0.6571486
0.26                                    0.6613588
0.27                                    0.6634749
0.28                                    0.7064343
0.29                                    0.7518142
0.3                                     0.6845446
0.31                                    0.6620558
0.32                                    0.7237683
0.33                                    0.6944641
0.34                                    0.7147405
0.35                                    0.7278614
0.36                                    0.71112
0.37                                    0.7222074
0.38                                    0.7210734
0.39                                    0.6774847
0.4                                     0.6951853
0.41                                    0.6954225
0.42                                    0.7151661
0.43                                    0.6705709
0.44                                    0.6519448
0.45                                    0.7059887
0.46                                    0.708501
0.47                                    0.7435495
0.48                                    0.7144677
0.49                                    0.7494875
0.5                                     0.7353313
0.51                                    0.7301263
0.52                                    0.7154513
0.53                                    0.6977585
0.54                                    0.725684
0.55                                    0.7118471
0.56                                    0.7049037
0.57                                    0.7472378
0.58                                    0.7857569
0.59                                    0.7275452
0.6                                     0.7405885
0.61                                    0.7088468
0.62                                    0.750681
0.63                                    0.7084673
0.64                                    0.7289715
0.65                                    0.7301493
0.66                                    0.7433851
0.67                                    0.7288797
0.68                                    0.7438742
0.69                                    0.7469161
0.7                                     0.7244913
0.71                                    0.7698805
0.72                                    0.8141029
0.73                                    0.7701542
0.74                                    0.7316799
0.75                                    0.6802515
0.76                                    0.7360143
0.77                                    0.7893665
0.78                                    0.7712406
0.79                                    0.7401849
0.8                                     0.7745725
0.81                                    0.7747645
0.82                                    0.7588931
0.83                                    0.7455051
0.84                                    0.7878394
0.85                                    0.7612937
0.86                                    0.7633135
0.87                                    0.7547544
0.88                                    0.7447566
0.89                                    0.7355266
0.9                                     0.7520351
0.91                                    0.7681841
0.92                                    0.7085515
0.93                                    0.7313195
0.94                                    0.7793359
0.95                                    0.7767417
0.96                                    0.7502882
0.97                                    0.7875176
0.98                                    0.7897822
0.99                                    0.7576343
1.0                                     0.9723997


# Grain Sphericity Distribution (ratio)
--------------------------------------------------
Cumulative probability                  Value
--------------------------------------------------
0.01                                    0.5188267
0.02                                    0.4615257
0.03                                    0.536275
0.04                                    0.4866108
0.05                                    0.5691124
0.06                                    0.5413966
0.07                                    0.611636
0.08                                    0.5913493
0.09                                    0.5602955
0.1                                     0.6165752
0.11                                    0.5965477
0.12                                    0.56896
0.13                                    0.6054374
0.14                                    0.6307286
0.15                                    0.6414033
0.16                                    0.6318971
0.17                                    0.6792337
0.18                                    0.7028372
0.19                                    0.6576273
0.2                                     0.6518422
0.21                                    0.6310028
0.22                                    0.6516418
0.23                                    0.7035699
0.24                                    0.6519061
0.25                                    0.6866048
0.26                                    0.6322113
0.27                                    0.6551337
0.28                                    0.6078885
0.29                                    0.6860318
0.3                                     0.6297068
0.31                                    0.7084709
0.32                                    0.6757048
0.33                                    0.6551776
0.34                                    0.6611011
0.35                                    0.6911614
0.36                                    0.6769759
0.37                                    0.7084358
0.38                                    0.6065434
0.39                                    0.6460293
0.4                                     0.6916506
0.41                                    0.6770365
0.42                                    0.6855723
0.43                                    0.6855822
0.44                                    0.6983796
0.45                                    0.6980286
0.46                                    0.6815053
0.47                                    0.6740334
0.48                                    0.7347823
0.49                                    0.7312052
0.5                                     0.6791794
0.51                                    0.6615662
0.52                                    0.6812897
0.53                                    0.7010725
0.54                                    0.7221513
0.55                                    0.7632917
0.56                                    0.675027
0.57                                    0.6754697
0.58                                    0.6865276
0.59                                    0.73376
0.6                                     0.6981805
0.61                                    0.6992902
0.62                                    0.6835498
0.63                                    0.6964722
0.64                                    0.6869556
0.65                                    0.7337158
0.66                                    0.7117114
0.67                                    0.7175945
0.68                                    0.6862645
0.69                                    0.6869098
0.7                                     0.7784141
0.71                                    0.7515848
0.72                                    0.7097045
0.73                                    0.7218304
0.74                                    0.7322633
0.75                                    0.7306407
0.76                                    0.6877729
0.77                                    0.7177868
0.78                                    0.7664262
0.79                                    0.737017
0.8                                     0.8011179
0.81                                    0.7261508
0.82                                    0.7336346
0.83                                    0.7245072
0.84                                    0.7370329
0.85                                    0.7517816
0.86                                    0.758092
0.87                                    0.7628244
0.88                                    0.742136
0.89                                    0.7499997
0.9                                     0.7667727
0.91                                    0.7520271
0.92                                    0.7542198
0.93                                    0.7800792
0.94                                    0.8151256
0.95                                    0.8280122
0.96                                    0.8565225
0.97                                    0.8791005
0.98                                    0.8706107
0.99                                    0.9091442
1.0                                     0.9710247


# Grain Radius Distribution (um)
--------------------------------------------------
Cumulative probability                  Value
--------------------------------------------------
0.01                                    9.3299263
0.02                                    11.0442006
0.03                                    15.3310588
0.04                                    9.2094467
0.05                                    15.2239103
0.06                                    9.0956173
0.07                                    13.5965254
0.08                                    12.4161843
0.09                                    15.6027642
0.1                                     13.6046623
0.11                                    13.258794
0.12                                    17.0908632
0.13                                    16.0293445
0.14                                    10.48389
0.15                                    11.8588139
0.16                                    12.6145726
0.17                                    12.7052655
0.18                                    10.4662531
0.19                                    13.2513296
0.2                                     15.2443763
0.21                                    18.6454326
0.22                                    12.4529314
0.23                                    16.3286824
0.24                                    13.5030632
0.25                                    17.9671223
0.26                                    11.0961962
0.27                                    19.7315743
0.28                                    13.538098
0.29                                    13.9374044
0.3                                     15.7444739
0.31                                    21.0219454
0.32                                    15.7297294
0.33                                    14.3960647
0.34                                    20.2691744
0.35                                    12.0452635
0.36                                    18.4837939
0.37                                    13.9020023
0.38                                    18.0734861
0.39                                    17.5642899
0.4                                     22.6649682
0.41                                    17.0495773
0.42                                    18.2531194
0.43                                    17.4426374
0.44                                    15.8227291
0.45                                    19.0868342
0.46                                    21.750606
0.47                                    18.9601253
0.48                                    20.470255
0.49                                    20.2135101
0.5                                     16.2313672
0.51                                    17.947756
0.52                                    18.1100257
0.53                                    21.2374067
0.54                                    20.2094106
0.55                                    22.8947261
0.56                                    18.9680095
0.57                                    22.3703912
0.58                                    19.8214422
0.59                                    16.1196945
0.6                                     18.8196849
0.61                                    21.8049266
0.62                                    20.2178037
0.63                                    18.7654998
0.64                                    21.3725174
0.65                                    24.7999565
0.66                                    23.6601447
0.67                                    21.0216671
0.68                                    24.9144242
0.69                                    19.0246063
0.7                                     20.9662921
0.71                                    20.7073784
0.72                                    21.7038792
0.73                                    25.3215087
0.74                                    23.368287
0.75                                    23.6801092
0.76                                    27.2250476
0.77                                    26.3706641
0.78                                    25.8139942
0.79                                    24.9749642
0.8                                     24.725713
0.81                                    30.0667819
0.82                                    27.8616728
0.83                                    26.9188005
0.84                                    27.8535933
0.85                                    26.3374332
0.86                                    29.8746436
0.87                                    30.2525395
0.88                                    36.4855309
0.89                                    27.652055
0.9                                     30.8209649
0.91                                    25.2143956
0.92                                    32.4451363
0.93                                    34.1490995
0.94                                    35.8857663
0.95                                    33.1605256
0.96                                    36.573241
0.97                                    39.0864181
0.98                                    38.8059547
0.99                                    42.5959019
1.0                                     61.8283768
