DeePore output results including 15 single-value
paramters, 4 functions and 11 distributions
__________________________________________________
        ### Single-value parameters ###
__________________________________________________

Properties                              Value
--------------------------------------------------
Absolute Permeability (um2)             0.9189244
Formation Factor (ratio)                3.2799956
Cementation Factor (ratio)              2.0879878
pore density (1/um3)                    0.0008341
Tortuosity (ratio)                      1.2732505
Average Coordination Number             4.3044714
Average Throat Radius (um)              3.1681978
Average Pore Radius (um)                4.0522414
Average Throat Length (um)              10.9362052
Pore to Throat Aspect ratio             10.4012712
Specific Surface (1/um)                 0.0003332
Pore Sphericity (ratio)                 7.1760134
Grain Sphericity (ratio)                0.76619
Average Grain Radius (um)               3.30889
Relative Young Module (ratio)           0.1455999

__________________________________________________
       ### Functions and distributions ###
__________________________________________________


# Leveret J Function (ratio)
--------------------------------------------------
Wetting-sat (Sw)                        Value
--------------------------------------------------
0.01                                    3.2496548
0.02                                    3.5882121
0.03                                    3.7184497
0.04                                    3.1618234
0.05                                    3.0088488
0.06                                    2.9667339
0.07                                    2.7274398
0.08                                    3.0591466
0.09                                    2.9780067
0.1                                     2.7037804
0.11                                    2.5461522
0.12                                    2.4659157
0.13                                    2.6640404
0.14                                    2.3772703
0.15                                    2.6444489
0.16                                    2.2564853
0.17                                    2.4325291
0.18                                    2.3141382
0.19                                    2.2271432
0.2                                     2.4890129
0.21                                    2.5854503
0.22                                    2.0378463
0.23                                    2.2241913
0.24                                    2.0761523
0.25                                    2.0361741
0.26                                    1.9421694
0.27                                    1.9717343
0.28                                    2.1251351
0.29                                    2.093497
0.3                                     2.0670667
0.31                                    2.0102672
0.32                                    2.2448625
0.33                                    2.1570479
0.34                                    1.7770346
0.35                                    2.1392811
0.36                                    1.9159642
0.37                                    2.0661712
0.38                                    1.971664
0.39                                    2.3885121
0.4                                     2.0185533
0.41                                    1.9832754
0.42                                    1.8018475
0.43                                    2.1002251
0.44                                    2.3105719
0.45                                    2.0108714
0.46                                    2.0666335
0.47                                    1.817312
0.48                                    1.7879294
0.49                                    1.8519454
0.5                                     1.9447066
0.51                                    1.8930707
0.52                                    1.9376958
0.53                                    1.7236639
0.54                                    1.9496047
0.55                                    1.7617621
0.56                                    1.9350087
0.57                                    1.6318325
0.58                                    2.0665067
0.59                                    1.849102
0.6                                     1.7379003
0.61                                    1.6120523
0.62                                    1.8142451
0.63                                    1.8491413
0.64                                    1.9311034
0.65                                    1.575341
0.66                                    1.7542095
0.67                                    1.9825967
0.68                                    1.7383675
0.69                                    1.8413208
0.7                                     1.7990302
0.71                                    1.7006946
0.72                                    1.6836152
0.73                                    1.7753901
0.74                                    1.6704835
0.75                                    1.6534307
0.76                                    1.7606159
0.77                                    1.6996572
0.78                                    1.9029919
0.79                                    1.8025515
0.8                                     1.4147851
0.81                                    1.9600508
0.82                                    1.7403276
0.83                                    1.8293861
0.84                                    1.8293517
0.85                                    1.7617374
0.86                                    2.0083147
0.87                                    1.7979243
0.88                                    1.4639125
0.89                                    1.7581386
0.9                                     1.5654928
0.91                                    1.7077558
0.92                                    1.4982249
0.93                                    1.7852289
0.94                                    1.4248986
0.95                                    1.803182
0.96                                    1.4051679
0.97                                    1.6335225
0.98                                    1.5703821
0.99                                    1.5395009
1.0                                     1.0290612


# Wetting Relative Permeability (fraction)
--------------------------------------------------
Wetting-sat (Sw)                        Value
--------------------------------------------------
0.01                                    0.0168732
0.02                                    0.0187945
0.03                                    0.0208231
0.04                                    0.0259958
0.05                                    0.0242358
0.06                                    0.0145667
0.07                                    0.0286803
0.08                                    0.0148397
0.09                                    0.0115491
0.1                                     0.0392673
0.11                                    0.0350834
0.12                                    0.0144605
0.13                                    0.029915
0.14                                    0.0216464
0.15                                    0.0351419
0.16                                    0.0141734
0.17                                    0.0144576
0.18                                    0.0147172
0.19                                    0.0283742
0.2                                     0.0186496
0.21                                    0.015586
0.22                                    0.0493305
0.23                                    0.0408417
0.24                                    0.0321464
0.25                                    0.0118676
0.26                                    0.033861
0.27                                    0.0283626
0.28                                    0.0503814
0.29                                    0.0389666
0.3                                     0.047422
0.31                                    0.0329612
0.32                                    0.0583532
0.33                                    0.0489682
0.34                                    0.0838206
0.35                                    0.0641715
0.36                                    0.0589326
0.37                                    0.1079097
0.38                                    0.0753985
0.39                                    0.0623539
0.4                                     0.0985059
0.41                                    0.0728894
0.42                                    0.07525
0.43                                    0.1034591
0.44                                    0.0793189
0.45                                    0.0765598
0.46                                    0.0808209
0.47                                    0.0877673
0.48                                    0.0671785
0.49                                    0.0909408
0.5                                     0.0767295
0.51                                    0.0858809
0.52                                    0.0854554
0.53                                    0.0729831
0.54                                    0.1183449
0.55                                    0.0871496
0.56                                    0.0926887
0.57                                    0.1042344
0.58                                    0.1045297
0.59                                    0.0948488
0.6                                     0.0992613
0.61                                    0.1227065
0.62                                    0.1060454
0.63                                    0.1210696
0.64                                    0.1268967
0.65                                    0.1017398
0.66                                    0.1259
0.67                                    0.150412
0.68                                    0.1267252
0.69                                    0.1587095
0.7                                     0.1519293
0.71                                    0.1368978
0.72                                    0.1655462
0.73                                    0.1765094
0.74                                    0.1635812
0.75                                    0.1851638
0.76                                    0.1606629
0.77                                    0.1718905
0.78                                    0.1991571
0.79                                    0.234865
0.8                                     0.1764578
0.81                                    0.2230207
0.82                                    0.1830389
0.83                                    0.2171538
0.84                                    0.2505068
0.85                                    0.2567605
0.86                                    0.2574584
0.87                                    0.2384969
0.88                                    0.2593197
0.89                                    0.3056147
0.9                                     0.2966687
0.91                                    0.3209119
0.92                                    0.3484457
0.93                                    0.35006
0.94                                    0.3542785
0.95                                    0.4266073
0.96                                    0.3737787
0.97                                    0.4221035
0.98                                    0.4581452
0.99                                    0.4357679
1.0                                     0.9774405


# Non-Wetting Relative Permeability (fraction)
--------------------------------------------------
Wetting-sat (Sw)                        Value
--------------------------------------------------
0.01                                    0.9832478
0.02                                    0.8659472
0.03                                    0.7874933
0.04                                    0.8356105
0.05                                    0.8282102
0.06                                    0.8525179
0.07                                    0.827445
0.08                                    0.8613151
0.09                                    0.8467324
0.1                                     0.8606494
0.11                                    0.8587114
0.12                                    0.8444797
0.13                                    0.8265059
0.14                                    0.8057985
0.15                                    0.8161669
0.16                                    0.8162657
0.17                                    0.8342129
0.18                                    0.8498291
0.19                                    0.8154627
0.2                                     0.8109654
0.21                                    0.8213941
0.22                                    0.7953722
0.23                                    0.8205403
0.24                                    0.7765379
0.25                                    0.7954942
0.26                                    0.785274
0.27                                    0.7962593
0.28                                    0.7282921
0.29                                    0.7088188
0.3                                     0.7152928
0.31                                    0.7384685
0.32                                    0.7123401
0.33                                    0.7159471
0.34                                    0.6937935
0.35                                    0.6886556
0.36                                    0.6947028
0.37                                    0.7232248
0.38                                    0.7100825
0.39                                    0.6848211
0.4                                     0.718557
0.41                                    0.7039605
0.42                                    0.7146869
0.43                                    0.6800951
0.44                                    0.6648725
0.45                                    0.6625069
0.46                                    0.681022
0.47                                    0.6462657
0.48                                    0.6510463
0.49                                    0.637907
0.5                                     0.6755216
0.51                                    0.5853858
0.52                                    0.6483653
0.53                                    0.6207529
0.54                                    0.6234576
0.55                                    0.6177428
0.56                                    0.5673674
0.57                                    0.6132753
0.58                                    0.6085023
0.59                                    0.5799519
0.6                                     0.5773507
0.61                                    0.6488577
0.62                                    0.6417792
0.63                                    0.5723789
0.64                                    0.5560213
0.65                                    0.5866305
0.66                                    0.5348746
0.67                                    0.5511435
0.68                                    0.5474629
0.69                                    0.4847974
0.7                                     0.5583433
0.71                                    0.5260593
0.72                                    0.5152483
0.73                                    0.4895914
0.74                                    0.4815583
0.75                                    0.4976224
0.76                                    0.4404576
0.77                                    0.5464166
0.78                                    0.5446939
0.79                                    0.4076708
0.8                                     0.5149431
0.81                                    0.5172699
0.82                                    0.5145832
0.83                                    0.5371989
0.84                                    0.5321686
0.85                                    0.5539657
0.86                                    0.514843
0.87                                    0.5044888
0.88                                    0.5089421
0.89                                    0.4996823
0.9                                     0.4487432
0.91                                    0.5448636
0.92                                    0.4070838
0.93                                    0.4044818
0.94                                    0.417431
0.95                                    0.3452327
0.96                                    0.3385803
0.97                                    0.292981
0.98                                    0.2373448
0.99                                    0.1583873
1.0                                     0.0188364


# Two-point Correlation Function (1/um)
--------------------------------------------------
lag (px)                                Value
--------------------------------------------------
0.5                                     0.5287673
1.0                                     0.5257524
1.5                                     0.525028
2.0                                     0.5228841
2.5                                     0.5187538
3.0                                     0.5190793
3.5                                     0.518672
4.0                                     0.5120181
4.5                                     0.5099301
5.0                                     0.5050049
5.5                                     0.5071342
6.0                                     0.5029827
6.5                                     0.5023789
7.0                                     0.5082482
7.5                                     0.507389
8.0                                     0.4993762
8.5                                     0.4886671
9.0                                     0.4961066
9.5                                     0.4954974
10.0                                    0.5029305
10.5                                    0.4900107
11.0                                    0.4904628
11.5                                    0.483827
12.0                                    0.4931147
12.5                                    0.4872803
13.0                                    0.4974446
13.5                                    0.4833191
14.0                                    0.4896476
14.5                                    0.4923523
15.0                                    0.4889845
15.5                                    0.4846807
16.0                                    0.4833775
16.5                                    0.4803856
17.0                                    0.477134
17.5                                    0.4791174
18.0                                    0.4773018
18.5                                    0.4768422
19.0                                    0.4716516
19.5                                    0.4703937
20.0                                    0.474547
20.5                                    0.4709422
21.0                                    0.483536
21.5                                    0.4818396
22.0                                    0.48598
22.5                                    0.4705558
23.0                                    0.470732
23.5                                    0.4686427
24.0                                    0.4541553
24.5                                    0.4688891
25.0                                    0.4740111
25.5                                    0.4624259
26.0                                    0.4686782
26.5                                    0.4694747
27.0                                    0.4731857
27.5                                    0.471895
28.0                                    0.4517616
28.5                                    0.4741879
29.0                                    0.4656339
29.5                                    0.4558256
30.0                                    0.4590085
30.5                                    0.4486397
31.0                                    0.4578018
31.5                                    0.471589
32.0                                    0.4561148
32.5                                    0.4613287
33.0                                    0.4464314
33.5                                    0.4619928
34.0                                    0.4583241
34.5                                    0.4592843
35.0                                    0.454272
35.5                                    0.4546486
36.0                                    0.4523063
36.5                                    0.4651443
37.0                                    0.4503884
37.5                                    0.4496176
38.0                                    0.4482971
38.5                                    0.4452911
39.0                                    0.4552943
39.5                                    0.4500032
40.0                                    0.4492703
40.5                                    0.4597381
41.0                                    0.4492265
41.5                                    0.4533249
42.0                                    0.4477216
42.5                                    0.436689
43.0                                    0.4494034
43.5                                    0.4417487
44.0                                    0.4450536
44.5                                    0.4316309
45.0                                    0.4386265
45.5                                    0.4496004
46.0                                    0.437215
46.5                                    0.4551967
47.0                                    0.4583207
47.5                                    0.4436067
48.0                                    0.4408633
48.5                                    0.4371665
49.0                                    0.4556585
49.5                                    0.4461584
50.0                                    0.4366108


# Pore Radius Distribution (um)
--------------------------------------------------
Cumulative probability                  Value
--------------------------------------------------
0.01                                    6.3224607
0.02                                    7.0075023
0.03                                    9.4192331
0.04                                    10.9094032
0.05                                    11.162005
0.06                                    12.2867469
0.07                                    18.989865
0.08                                    13.3454496
0.09                                    12.4985531
0.1                                     14.3360572
0.11                                    13.4117731
0.12                                    14.3704749
0.13                                    13.4089319
0.14                                    16.8054039
0.15                                    11.3793552
0.16                                    13.7502789
0.17                                    15.2979552
0.18                                    16.3402436
0.19                                    16.9848612
0.2                                     17.687252
0.21                                    17.8839842
0.22                                    13.9206051
0.23                                    14.0977588
0.24                                    15.5177861
0.25                                    15.0024927
0.26                                    16.7756521
0.27                                    15.2904756
0.28                                    18.5399686
0.29                                    18.0365447
0.3                                     17.0241889
0.31                                    18.5084389
0.32                                    14.2742198
0.33                                    14.9914342
0.34                                    18.123734
0.35                                    18.101327
0.36                                    16.3126881
0.37                                    18.9429832
0.38                                    17.1851144
0.39                                    18.6335852
0.4                                     20.0628362
0.41                                    16.8677183
0.42                                    16.3345464
0.43                                    20.1962301
0.44                                    19.8906027
0.45                                    18.6809311
0.46                                    19.2208974
0.47                                    17.9764834
0.48                                    19.2217708
0.49                                    19.4470401
0.5                                     19.947097
0.51                                    21.0237306
0.52                                    21.2424129
0.53                                    23.4005203
0.54                                    19.5801881
0.55                                    20.5900725
0.56                                    19.1983272
0.57                                    20.7657261
0.58                                    20.4579244
0.59                                    19.9279524
0.6                                     19.0965566
0.61                                    20.8050153
0.62                                    22.4139988
0.63                                    23.0010964
0.64                                    21.387357
0.65                                    22.8395452
0.66                                    20.3980998
0.67                                    23.7565909
0.68                                    23.4444333
0.69                                    24.5205054
0.7                                     23.0755446
0.71                                    23.3699209
0.72                                    23.361721
0.73                                    22.2152869
0.74                                    24.8470389
0.75                                    20.1175673
0.76                                    21.2973476
0.77                                    22.0788545
0.78                                    23.4008854
0.79                                    25.1851923
0.8                                     24.3052689
0.81                                    22.6867663
0.82                                    28.1394962
0.83                                    26.8500574
0.84                                    24.5758768
0.85                                    25.0169789
0.86                                    24.5172467
0.87                                    26.2023022
0.88                                    26.2431914
0.89                                    25.6422831
0.9                                     28.0585968
0.91                                    26.5016949
0.92                                    29.3553034
0.93                                    26.9052931
0.94                                    27.9598445
0.95                                    34.5722229
0.96                                    30.6177079
0.97                                    31.5645934
0.98                                    34.986553
0.99                                    37.0917953
1.0                                     46.6589236


# Throat Radius Distribution (um)
--------------------------------------------------
Cumulative probability                  Value
--------------------------------------------------
0.01                                    4.4668519
0.02                                    5.5290459
0.03                                    4.9441083
0.04                                    5.9089115
0.05                                    5.6540377
0.06                                    6.5232303
0.07                                    10.0385072
0.08                                    6.1733987
0.09                                    6.9712079
0.1                                     12.608351
0.11                                    11.1765108
0.12                                    7.026714
0.13                                    13.6578693
0.14                                    12.9924276
0.15                                    11.4512497
0.16                                    11.9718301
0.17                                    15.52409
0.18                                    10.5994038
0.19                                    15.5425148
0.2                                     15.3877491
0.21                                    12.6484649
0.22                                    13.1151579
0.23                                    16.0540227
0.24                                    14.7208634
0.25                                    11.7617292
0.26                                    16.13864
0.27                                    13.2130994
0.28                                    12.9423277
0.29                                    13.8069027
0.3                                     16.3530928
0.31                                    12.5842285
0.32                                    14.8681729
0.33                                    16.7241269
0.34                                    13.6015317
0.35                                    16.1043472
0.36                                    16.4507844
0.37                                    17.6014907
0.38                                    15.5901411
0.39                                    17.2765303
0.4                                     17.9267245
0.41                                    17.1981348
0.42                                    16.5864823
0.43                                    20.9794651
0.44                                    19.7200087
0.45                                    19.4767343
0.46                                    17.8599096
0.47                                    17.8911645
0.48                                    19.3304852
0.49                                    20.1399991
0.5                                     19.5215558
0.51                                    22.0861642
0.52                                    23.304713
0.53                                    22.0616103
0.54                                    21.1151238
0.55                                    17.7879587
0.56                                    18.9274681
0.57                                    21.0797491
0.58                                    19.9267124
0.59                                    24.1795499
0.6                                     17.7929076
0.61                                    22.1353076
0.62                                    21.4074068
0.63                                    21.3479143
0.64                                    22.2434868
0.65                                    20.5218727
0.66                                    21.6261684
0.67                                    27.8796097
0.68                                    24.4368064
0.69                                    22.8998765
0.7                                     24.3690501
0.71                                    22.6094372
0.72                                    26.7019741
0.73                                    21.0178496
0.74                                    24.9190744
0.75                                    22.5285447
0.76                                    25.5921492
0.77                                    26.378921
0.78                                    24.4308261
0.79                                    24.2457321
0.8                                     23.6459766
0.81                                    24.6110423
0.82                                    25.049333
0.83                                    23.2231299
0.84                                    28.2733335
0.85                                    28.8236236
0.86                                    28.7522959
0.87                                    24.0926846
0.88                                    29.1702498
0.89                                    28.6557573
0.9                                     29.111405
0.91                                    29.2226932
0.92                                    32.8551782
0.93                                    30.3306519
0.94                                    30.06057
0.95                                    32.4000827
0.96                                    31.5164185
0.97                                    34.361469
0.98                                    34.771028
0.99                                    36.4988695
1.0                                     49.4055516


# Throat Lenght Distribution (um)
--------------------------------------------------
Cumulative probability                  Value
--------------------------------------------------
0.01                                    23.8209052
0.02                                    24.0582487
0.03                                    24.9922797
0.04                                    30.9344546
0.05                                    26.3724772
0.06                                    30.9725088
0.07                                    32.7911651
0.08                                    37.9991698
0.09                                    30.7735777
0.1                                     32.8012164
0.11                                    33.3270233
0.12                                    33.9580843
0.13                                    33.2763216
0.14                                    31.385948
0.15                                    35.175084
0.16                                    37.6800245
0.17                                    41.3671154
0.18                                    33.3269136
0.19                                    37.9782059
0.2                                     40.7830626
0.21                                    40.6140225
0.22                                    36.5560041
0.23                                    34.3512469
0.24                                    42.8847291
0.25                                    40.3509535
0.26                                    44.7397233
0.27                                    41.8496529
0.28                                    45.9565388
0.29                                    42.8447143
0.3                                     39.7238385
0.31                                    38.7540265
0.32                                    39.662454
0.33                                    41.00179
0.34                                    40.5907896
0.35                                    44.1670117
0.36                                    44.7650638
0.37                                    44.236756
0.38                                    43.7636963
0.39                                    44.636084
0.4                                     52.7166401
0.41                                    46.4671248
0.42                                    44.8244525
0.43                                    42.2635434
0.44                                    49.2030322
0.45                                    42.6874708
0.46                                    55.3877844
0.47                                    50.7306538
0.48                                    57.2929793
0.49                                    47.9652322
0.5                                     50.8614969
0.51                                    50.0659711
0.52                                    56.5408305
0.53                                    52.8068928
0.54                                    52.4438986
0.55                                    53.3411672
0.56                                    50.0326848
0.57                                    47.1975478
0.58                                    52.9916838
0.59                                    50.5565994
0.6                                     50.1332104
0.61                                    48.6390573
0.62                                    53.1121464
0.63                                    54.7173711
0.64                                    49.2745405
0.65                                    53.0244236
0.66                                    53.4677041
0.67                                    59.1272125
0.68                                    58.808945
0.69                                    49.9807658
0.7                                     57.1249329
0.71                                    59.151112
0.72                                    63.2859428
0.73                                    54.7191184
0.74                                    62.7852239
0.75                                    57.8868245
0.76                                    64.1006975
0.77                                    60.9091043
0.78                                    61.4722511
0.79                                    51.6154758
0.8                                     56.4573104
0.81                                    59.6940983
0.82                                    54.327405
0.83                                    55.6341585
0.84                                    66.4491356
0.85                                    58.7152225
0.86                                    68.6097725
0.87                                    63.4841328
0.88                                    66.9543844
0.89                                    68.1941264
0.9                                     66.2102518
0.91                                    70.1723781
0.92                                    66.8791041
0.93                                    75.4236603
0.94                                    71.3221696
0.95                                    69.3773658
0.96                                    68.0427584
0.97                                    74.9266141
0.98                                    78.4496791
0.99                                    86.4137062
1.0                                     99.4093028


# Pore Inscribed Radius Distribution (um)
--------------------------------------------------
Cumulative probability                  Value
--------------------------------------------------
0.01                                    7.0798934
0.02                                    11.914599
0.03                                    18.4508951
0.04                                    22.8336031
0.05                                    22.8725331
0.06                                    20.4011869
0.07                                    22.454487
0.08                                    17.7885219
0.09                                    19.2783826
0.1                                     19.1472745
0.11                                    20.7828658
0.12                                    16.1807067
0.13                                    20.0357929
0.14                                    21.4462371
0.15                                    20.6414701
0.16                                    20.3188497
0.17                                    17.7413141
0.18                                    21.0954776
0.19                                    19.4391432
0.2                                     18.6474322
0.21                                    20.6790973
0.22                                    20.4220481
0.23                                    19.3598655
0.24                                    18.4541873
0.25                                    17.6653543
0.26                                    22.1235085
0.27                                    22.3773356
0.28                                    18.701608
0.29                                    21.5456964
0.3                                     19.5563375
0.31                                    16.7148652
0.32                                    21.4698033
0.33                                    21.7335004
0.34                                    19.6066031
0.35                                    20.1367639
0.36                                    21.8841326
0.37                                    19.0041154
0.38                                    21.5163144
0.39                                    20.9802128
0.4                                     19.2483243
0.41                                    20.0109683
0.42                                    21.5169102
0.43                                    21.5640084
0.44                                    21.6355238
0.45                                    21.0592166
0.46                                    19.5144371
0.47                                    21.0605605
0.48                                    24.104141
0.49                                    20.6718246
0.5                                     20.1967641
0.51                                    23.6619997
0.52                                    21.0776638
0.53                                    22.8588129
0.54                                    21.7409718
0.55                                    20.2379849
0.56                                    20.3548984
0.57                                    22.9143378
0.58                                    19.722361
0.59                                    21.7138376
0.6                                     21.0716939
0.61                                    22.3266866
0.62                                    25.8900804
0.63                                    24.2473789
0.64                                    22.1847191
0.65                                    23.0038347
0.66                                    21.7043495
0.67                                    22.8221803
0.68                                    21.7331854
0.69                                    22.0905893
0.7                                     24.3362441
0.71                                    25.6481005
0.72                                    24.5151558
0.73                                    26.8280938
0.74                                    27.3315006
0.75                                    23.9380611
0.76                                    26.3687841
0.77                                    22.2705488
0.78                                    25.6717558
0.79                                    25.7002099
0.8                                     25.4777097
0.81                                    25.928288
0.82                                    27.5970039
0.83                                    28.3805947
0.84                                    26.6133371
0.85                                    25.9792126
0.86                                    28.575656
0.87                                    26.273057
0.88                                    29.6950722
0.89                                    27.4823365
0.9                                     28.9140392
0.91                                    28.8284577
0.92                                    29.3383496
0.93                                    30.8586247
0.94                                    28.7314004
0.95                                    31.1689938
0.96                                    32.5494876
0.97                                    31.9712492
0.98                                    34.1705916
0.99                                    37.2445951
1.0                                     42.6045291


# Throat Inscribed Radius Distribution (um)
--------------------------------------------------
Cumulative probability                  Value
--------------------------------------------------
0.01                                    1.8957366
0.02                                    3.2453681
0.03                                    3.8253164
0.04                                    7.5365167
0.05                                    6.098416
0.06                                    10.4568017
0.07                                    9.8364464
0.08                                    13.2606884
0.09                                    10.8855999
0.1                                     9.398222
0.11                                    12.7401645
0.12                                    11.864201
0.13                                    13.8150319
0.14                                    13.431149
0.15                                    13.6654951
0.16                                    16.2072017
0.17                                    14.4070856
0.18                                    12.9932736
0.19                                    14.7283301
0.2                                     16.2190768
0.21                                    10.6105951
0.22                                    14.7776891
0.23                                    10.7687963
0.24                                    13.9640238
0.25                                    16.7815078
0.26                                    13.2858444
0.27                                    12.7261178
0.28                                    14.5923928
0.29                                    15.1096144
0.3                                     14.6321947
0.31                                    14.1757909
0.32                                    15.822866
0.33                                    17.7236425
0.34                                    19.3456524
0.35                                    15.0580865
0.36                                    19.328771
0.37                                    16.3845135
0.38                                    17.4668638
0.39                                    16.3078093
0.4                                     17.5777265
0.41                                    16.2150046
0.42                                    16.7704434
0.43                                    15.0656955
0.44                                    19.2212417
0.45                                    14.5233423
0.46                                    17.7495427
0.47                                    16.1253055
0.48                                    16.9452324
0.49                                    17.2431808
0.5                                     16.4106265
0.51                                    20.2453037
0.52                                    17.6039656
0.53                                    19.4462369
0.54                                    15.847698
0.55                                    21.7440214
0.56                                    16.530443
0.57                                    17.5342252
0.58                                    18.6022738
0.59                                    19.1426099
0.6                                     19.1484796
0.61                                    20.6896006
0.62                                    19.7615385
0.63                                    21.2727764
0.64                                    18.2440538
0.65                                    18.5347945
0.66                                    17.2621864
0.67                                    21.3784228
0.68                                    18.6603371
0.69                                    19.428309
0.7                                     17.9942579
0.71                                    20.1426153
0.72                                    20.7588557
0.73                                    18.8874742
0.74                                    19.0619663
0.75                                    20.4755655
0.76                                    21.409557
0.77                                    19.6753369
0.78                                    21.7750579
0.79                                    19.159662
0.8                                     19.3850056
0.81                                    19.7240167
0.82                                    21.0836085
0.83                                    20.2629036
0.84                                    21.6723505
0.85                                    23.0287038
0.86                                    22.6760893
0.87                                    23.815413
0.88                                    24.1431169
0.89                                    22.3425616
0.9                                     22.7376717
0.91                                    24.7145343
0.92                                    24.1730975
0.93                                    25.5070454
0.94                                    24.4946253
0.95                                    25.4323515
0.96                                    22.5032307
0.97                                    27.085924
0.98                                    26.1547697
0.99                                    29.8262687
1.0                                     37.2321776


# Throat Average Distance (um)
--------------------------------------------------
Cumulative probability                  Value
--------------------------------------------------
0.01                                    2.0043147
0.02                                    1.9711109
0.03                                    2.8434627
0.04                                    4.088349
0.05                                    2.8043394
0.06                                    4.0160137
0.07                                    4.2438589
0.08                                    4.1764865
0.09                                    6.2219507
0.1                                     4.6434379
0.11                                    5.6035565
0.12                                    6.7826104
0.13                                    6.2846632
0.14                                    6.3252622
0.15                                    7.5892742
0.16                                    6.200608
0.17                                    6.3639939
0.18                                    8.7906551
0.19                                    6.7518974
0.2                                     6.7096206
0.21                                    8.1802974
0.22                                    8.6600923
0.23                                    10.2086534
0.24                                    9.3384309
0.25                                    9.3250676
0.26                                    9.3412588
0.27                                    9.1723132
0.28                                    8.2462433
0.29                                    9.1120262
0.3                                     12.2287829
0.31                                    9.5168192
0.32                                    9.1498623
0.33                                    9.9437409
0.34                                    10.174867
0.35                                    9.7124323
0.36                                    10.2544039
0.37                                    9.719429
0.38                                    10.2319814
0.39                                    10.6560286
0.4                                     13.3257563
0.41                                    10.0062435
0.42                                    10.1464929
0.43                                    11.6110004
0.44                                    10.2788285
0.45                                    9.4810512
0.46                                    10.5256972
0.47                                    11.2632918
0.48                                    13.380428
0.49                                    10.8050711
0.5                                     12.2469389
0.51                                    11.4397368
0.52                                    12.1722413
0.53                                    12.1075405
0.54                                    11.8111752
0.55                                    10.776356
0.56                                    9.7332803
0.57                                    10.2437892
0.58                                    11.9222174
0.59                                    10.8127856
0.6                                     11.7368345
0.61                                    11.1317548
0.62                                    13.3834773
0.63                                    11.0208669
0.64                                    13.3526195
0.65                                    14.155724
0.66                                    11.9051883
0.67                                    14.3376977
0.68                                    12.7316702
0.69                                    15.6052957
0.7                                     13.9113851
0.71                                    11.9094684
0.72                                    11.5713935
0.73                                    13.2486391
0.74                                    10.9189463
0.75                                    11.9217861
0.76                                    13.1019754
0.77                                    12.7982461
0.78                                    13.1074212
0.79                                    12.5696258
0.8                                     11.155321
0.81                                    12.7764396
0.82                                    11.7700794
0.83                                    12.9552843
0.84                                    14.8993291
0.85                                    13.2182913
0.86                                    12.9470358
0.87                                    11.8859777
0.88                                    13.4592619
0.89                                    16.488145
0.9                                     14.0263989
0.91                                    16.1970388
0.92                                    14.1160815
0.93                                    14.4136366
0.94                                    15.4466794
0.95                                    18.2864693
0.96                                    17.4110701
0.97                                    16.7612157
0.98                                    19.6579909
0.99                                    20.4076274
1.0                                     25.4183772


# Throat Permeability Distribution (um2)
--------------------------------------------------
Cumulative probability                  Value
--------------------------------------------------
0.01                                    16.0235598
0.02                                    27.9723944
0.03                                    36.825258
0.04                                    55.6442938
0.05                                    26.2197004
0.06                                    59.0421865
0.07                                    32.23772
0.08                                    70.0438805
0.09                                    57.6717826
0.1                                     48.7600002
0.11                                    44.099575
0.12                                    32.1873336
0.13                                    65.5817927
0.14                                    27.5831362
0.15                                    42.7257472
0.16                                    47.6404677
0.17                                    24.9254517
0.18                                    29.1290938
0.19                                    33.5296235
0.2                                     41.2018788
0.21                                    22.372189
0.22                                    31.4914615
0.23                                    62.4405742
0.24                                    96.1661637
0.25                                    26.7627285
0.26                                    46.5978411
0.27                                    57.5706881
0.28                                    41.9718212
0.29                                    23.3394176
0.3                                     71.6817863
0.31                                    25.9250603
0.32                                    64.9334973
0.33                                    101.4678888
0.34                                    48.3844341
0.35                                    21.0536391
0.36                                    56.1510197
0.37                                    72.6715382
0.38                                    76.0361635
0.39                                    42.9819135
0.4                                     34.3803971
0.41                                    65.3836545
0.42                                    93.8696107
0.43                                    52.9745922
0.44                                    58.2646795
0.45                                    72.2439878
0.46                                    74.6658882
0.47                                    65.2286341
0.48                                    112.6651555
0.49                                    122.9880258
0.5                                     75.718079
0.51                                    69.6488259
0.52                                    80.8156285
0.53                                    50.0680455
0.54                                    81.61852
0.55                                    112.3940529
0.56                                    114.1961223
0.57                                    60.3209991
0.58                                    104.8075154
0.59                                    78.5677741
0.6                                     142.3467816
0.61                                    61.9662863
0.62                                    46.1079417
0.63                                    131.9291373
0.64                                    98.2165165
0.65                                    122.5020421
0.66                                    103.4013687
0.67                                    204.7884017
0.68                                    51.5151753
0.69                                    106.5503478
0.7                                     241.3300846
0.71                                    96.5055691
0.72                                    159.827173
0.73                                    123.0799707
0.74                                    110.9982774
0.75                                    182.2203175
0.76                                    110.5713185
0.77                                    168.048002
0.78                                    112.5103279
0.79                                    166.8110661
0.8                                     121.877048
0.81                                    176.585173
0.82                                    296.6873151
0.83                                    146.480986
0.84                                    204.1124199
0.85                                    259.4560709
0.86                                    218.6685766
0.87                                    226.8285805
0.88                                    226.878578
0.89                                    178.9578925
0.9                                     143.5640811
0.91                                    345.2739262
0.92                                    281.4557039
0.93                                    193.7570796
0.94                                    379.9701649
0.95                                    391.8233462
0.96                                    342.2257265
0.97                                    446.0642237
0.98                                    620.2773759
0.99                                    609.1619403
1.0                                     1158.2991821


# Coordination Number Distribution
--------------------------------------------------
Cumulative probability                  Value
--------------------------------------------------
0.01                                    2.2585934
0.02                                    4.9382269
0.03                                    11.5826991
0.04                                    10.2770418
0.05                                    13.9898608
0.06                                    11.6264833
0.07                                    13.6205796
0.08                                    17.8693036
0.09                                    13.6434743
0.1                                     11.2912307
0.11                                    8.858755
0.12                                    11.4856037
0.13                                    13.757774
0.14                                    10.4903663
0.15                                    13.1757792
0.16                                    10.7603258
0.17                                    10.1943005
0.18                                    10.7271122
0.19                                    11.8526781
0.2                                     9.0057441
0.21                                    12.294838
0.22                                    10.5113243
0.23                                    11.4635252
0.24                                    12.9930057
0.25                                    10.6084613
0.26                                    8.9610502
0.27                                    11.0847793
0.28                                    9.6126918
0.29                                    13.4866746
0.3                                     14.6534819
0.31                                    10.1282284
0.32                                    11.8461593
0.33                                    9.833068
0.34                                    10.8060515
0.35                                    11.7472322
0.36                                    12.8765762
0.37                                    14.1605412
0.38                                    13.5645887
0.39                                    14.0238087
0.4                                     12.5101103
0.41                                    12.2268212
0.42                                    16.4807211
0.43                                    18.0234799
0.44                                    12.074848
0.45                                    16.655154
0.46                                    11.791642
0.47                                    11.5282185
0.48                                    13.9405708
0.49                                    15.9192016
0.5                                     15.4958625
0.51                                    14.1605144
0.52                                    14.0683211
0.53                                    15.8353001
0.54                                    14.1813538
0.55                                    14.2261753
0.56                                    14.3603834
0.57                                    14.0014456
0.58                                    15.4712059
0.59                                    16.9146466
0.6                                     16.5616692
0.61                                    13.0547529
0.62                                    18.0727846
0.63                                    17.0848786
0.64                                    14.1190982
0.65                                    18.1158796
0.66                                    17.2280065
0.67                                    15.9929869
0.68                                    17.1103295
0.69                                    16.1863018
0.7                                     20.0678059
0.71                                    18.2631473
0.72                                    21.4953778
0.73                                    15.8819594
0.74                                    18.0227883
0.75                                    17.901872
0.76                                    18.79094
0.77                                    15.9665256
0.78                                    16.4605317
0.79                                    18.3051585
0.8                                     21.3314899
0.81                                    22.4844434
0.82                                    22.8422876
0.83                                    17.8774109
0.84                                    16.5076578
0.85                                    22.4052866
0.86                                    18.5533352
0.87                                    23.6142443
0.88                                    22.9839444
0.89                                    21.4041169
0.9                                     17.2242064
0.91                                    23.2341812
0.92                                    25.9060872
0.93                                    24.4616727
0.94                                    24.860597
0.95                                    22.9449757
0.96                                    22.0060079
0.97                                    28.2935483
0.98                                    28.5598555
0.99                                    30.7794403
1.0                                     42.5790894


# Pore Sphericity Distribution (ratio)
--------------------------------------------------
Cumulative probability                  Value
--------------------------------------------------
0.01                                    0.4980858
0.02                                    0.5333007
0.03                                    0.5483533
0.04                                    0.5755676
0.05                                    0.6013846
0.06                                    0.6383029
0.07                                    0.6271417
0.08                                    0.6822128
0.09                                    0.6469653
0.1                                     0.6555445
0.11                                    0.6489792
0.12                                    0.6902114
0.13                                    0.687761
0.14                                    0.6631552
0.15                                    0.67612
0.16                                    0.6718712
0.17                                    0.7096694
0.18                                    0.7079721
0.19                                    0.749519
0.2                                     0.705818
0.21                                    0.7206132
0.22                                    0.7200438
0.23                                    0.7477102
0.24                                    0.7464839
0.25                                    0.7274219
0.26                                    0.734812
0.27                                    0.7421966
0.28                                    0.7391683
0.29                                    0.7360335
0.3                                     0.7739625
0.31                                    0.7878842
0.32                                    0.7669413
0.33                                    0.7667621
0.34                                    0.7486922
0.35                                    0.7685582
0.36                                    0.756895
0.37                                    0.7854241
0.38                                    0.7612634
0.39                                    0.772643
0.4                                     0.7693412
0.41                                    0.7764968
0.42                                    0.7522512
0.43                                    0.7671142
0.44                                    0.7808157
0.45                                    0.7647952
0.46                                    0.801274
0.47                                    0.7895659
0.48                                    0.8077023
0.49                                    0.8083627
0.5                                     0.787342
0.51                                    0.8024934
0.52                                    0.775455
0.53                                    0.8101713
0.54                                    0.789077
0.55                                    0.7874109
0.56                                    0.7901042
0.57                                    0.8133317
0.58                                    0.7937018
0.59                                    0.8021131
0.6                                     0.8063586
0.61                                    0.8097898
0.62                                    0.8299804
0.63                                    0.8338498
0.64                                    0.7997045
0.65                                    0.8233326
0.66                                    0.8197021
0.67                                    0.8251825
0.68                                    0.8313985
0.69                                    0.8284338
0.7                                     0.8188179
0.71                                    0.795293
0.72                                    0.8281489
0.73                                    0.851086
0.74                                    0.8218195
0.75                                    0.8451815
0.76                                    0.8415278
0.77                                    0.840324
0.78                                    0.8172074
0.79                                    0.8411137
0.8                                     0.8640161
0.81                                    0.8589846
0.82                                    0.8812104
0.83                                    0.8723139
0.84                                    0.8664809
0.85                                    0.8485059
0.86                                    0.8940548
0.87                                    0.8731127
0.88                                    0.8835878
0.89                                    0.8731358
0.9                                     0.8991589
0.91                                    0.9078321
0.92                                    0.9075551
0.93                                    0.9202382
0.94                                    0.9245027
0.95                                    0.9330221
0.96                                    0.9367459
0.97                                    0.9681722
0.98                                    0.980732
0.99                                    0.9833993
1.0                                     0.9799833


# Grain Sphericity Distribution (ratio)
--------------------------------------------------
Cumulative probability                  Value
--------------------------------------------------
0.01                                    0.5434793
0.02                                    0.5797133
0.03                                    0.5989951
0.04                                    0.614145
0.05                                    0.6268678
0.06                                    0.6238529
0.07                                    0.6344275
0.08                                    0.657451
0.09                                    0.6470919
0.1                                     0.6309228
0.11                                    0.6362431
0.12                                    0.6475745
0.13                                    0.665862
0.14                                    0.6600515
0.15                                    0.677158
0.16                                    0.6330207
0.17                                    0.6544292
0.18                                    0.6795672
0.19                                    0.6988094
0.2                                     0.6785358
0.21                                    0.689064
0.22                                    0.6798663
0.23                                    0.6910658
0.24                                    0.6421719
0.25                                    0.6892909
0.26                                    0.6869584
0.27                                    0.6807527
0.28                                    0.6727881
0.29                                    0.6635767
0.3                                     0.6668862
0.31                                    0.6375528
0.32                                    0.676877
0.33                                    0.6391222
0.34                                    0.6909427
0.35                                    0.6568492
0.36                                    0.6599082
0.37                                    0.6930288
0.38                                    0.6862474
0.39                                    0.6719544
0.4                                     0.675088
0.41                                    0.6866093
0.42                                    0.6619734
0.43                                    0.6544381
0.44                                    0.6885597
0.45                                    0.6865621
0.46                                    0.7089675
0.47                                    0.6831072
0.48                                    0.7007755
0.49                                    0.7107975
0.5                                     0.657588
0.51                                    0.6826451
0.52                                    0.6811193
0.53                                    0.6938471
0.54                                    0.6802953
0.55                                    0.6698999
0.56                                    0.682722
0.57                                    0.6742399
0.58                                    0.691915
0.59                                    0.6938253
0.6                                     0.7142399
0.61                                    0.6629818
0.62                                    0.6463956
0.63                                    0.6744761
0.64                                    0.6970221
0.65                                    0.7066651
0.66                                    0.6930383
0.67                                    0.7012105
0.68                                    0.6648194
0.69                                    0.7088653
0.7                                     0.6629906
0.71                                    0.6837076
0.72                                    0.7116362
0.73                                    0.7249297
0.74                                    0.6768767
0.75                                    0.6784607
0.76                                    0.6759395
0.77                                    0.7238996
0.78                                    0.685622
0.79                                    0.7144762
0.8                                     0.7113425
0.81                                    0.6603526
0.82                                    0.7118964
0.83                                    0.6971108
0.84                                    0.6880472
0.85                                    0.6819796
0.86                                    0.7180243
0.87                                    0.7358845
0.88                                    0.7207154
0.89                                    0.7209323
0.9                                     0.7318056
0.91                                    0.6937213
0.92                                    0.7064841
0.93                                    0.7365219
0.94                                    0.7131841
0.95                                    0.7121571
0.96                                    0.7268062
0.97                                    0.7502679
0.98                                    0.7902591
0.99                                    0.7896218
1.0                                     0.9527378


# Grain Radius Distribution (um)
--------------------------------------------------
Cumulative probability                  Value
--------------------------------------------------
0.01                                    3.889703
0.02                                    3.1918546
0.03                                    4.6759054
0.04                                    3.5854881
0.05                                    4.7813089
0.06                                    4.8893984
0.07                                    5.7446887
0.08                                    8.0729875
0.09                                    6.3266766
0.1                                     8.6511535
0.11                                    7.3359825
0.12                                    7.7055834
0.13                                    6.5519035
0.14                                    8.1873441
0.15                                    7.1331994
0.16                                    8.6137865
0.17                                    10.0162526
0.18                                    7.8004608
0.19                                    10.4621547
0.2                                     10.8627354
0.21                                    10.4316668
0.22                                    10.7412549
0.23                                    11.2456925
0.24                                    9.1083986
0.25                                    11.5628017
0.26                                    12.4430505
0.27                                    13.7692911
0.28                                    10.8135841
0.29                                    11.6622002
0.3                                     11.2928599
0.31                                    12.6302568
0.32                                    11.9572592
0.33                                    12.800866
0.34                                    13.137737
0.35                                    15.1050343
0.36                                    14.3103745
0.37                                    13.0142257
0.38                                    15.9603209
0.39                                    15.6480753
0.4                                     13.5288761
0.41                                    13.0917705
0.42                                    15.5839983
0.43                                    15.0433092
0.44                                    14.88236
0.45                                    16.4993441
0.46                                    16.5138933
0.47                                    14.7309586
0.48                                    19.3486111
0.49                                    18.0168259
0.5                                     14.635839
0.51                                    15.2553373
0.52                                    18.1359252
0.53                                    17.7471148
0.54                                    16.1462103
0.55                                    17.0826934
0.56                                    17.8836265
0.57                                    17.0245174
0.58                                    17.3249147
0.59                                    20.9022798
0.6                                     18.939215
0.61                                    21.6254373
0.62                                    16.6244066
0.63                                    18.179308
0.64                                    19.4030781
0.65                                    18.1530862
0.66                                    17.749541
0.67                                    19.5455104
0.68                                    23.0595038
0.69                                    19.7272661
0.7                                     19.8010848
0.71                                    20.6210059
0.72                                    23.2250603
0.73                                    19.7739477
0.74                                    20.3103579
0.75                                    20.487903
0.76                                    19.900941
0.77                                    21.3996118
0.78                                    19.2469474
0.79                                    20.7925365
0.8                                     22.0042412
0.81                                    25.7417474
0.82                                    22.4211212
0.83                                    24.8603038
0.84                                    20.9723554
0.85                                    26.3020543
0.86                                    25.1340009
0.87                                    22.7813959
0.88                                    25.6852568
0.89                                    26.3063504
0.9                                     23.5098515
0.91                                    26.4272816
0.92                                    26.6385323
0.93                                    25.2852217
0.94                                    26.6757908
0.95                                    25.7536689
0.96                                    27.0493295
0.97                                    26.5764716
0.98                                    32.1358821
0.99                                    29.0105404
1.0                                     41.5782956
