DeePore output results including 15 single-value
paramters, 4 functions and 11 distributions
__________________________________________________
        ### Single-value parameters ###
__________________________________________________

Properties                              Value
--------------------------------------------------
Absolute Permeability (um2)             1.0898053
Formation Factor (ratio)                3.0485476
Cementation Factor (ratio)              2.1459699
pore density (1/um3)                    0.0007426
Tortuosity (ratio)                      1.3152606
Average Coordination Number             3.6605659
Average Throat Radius (um)              3.3730113
Average Pore Radius (um)                4.1328086
Average Throat Length (um)              11.5353825
Pore to Throat Aspect ratio             10.9668601
Specific Surface (1/um)                 0.0003224
Pore Sphericity (ratio)                 7.8763415
Grain Sphericity (ratio)                0.7764813
Average Grain Radius (um)               2.9149436
Relative Young Module (ratio)           0.1267458

__________________________________________________
       ### Functions and distributions ###
__________________________________________________


# Leveret J Function (ratio)
--------------------------------------------------
Wetting-sat (Sw)                        Value
--------------------------------------------------
0.01                                    4.4547819
0.02                                    3.8877298
0.03                                    3.9543341
0.04                                    3.8206039
0.05                                    3.8688433
0.06                                    3.6747652
0.07                                    3.0764053
0.08                                    3.6997696
0.09                                    3.7265326
0.1                                     3.4889638
0.11                                    3.6279777
0.12                                    2.9118442
0.13                                    3.1373509
0.14                                    2.7210716
0.15                                    2.7412392
0.16                                    2.93696
0.17                                    2.7364744
0.18                                    2.7880354
0.19                                    2.6471547
0.2                                     2.1631538
0.21                                    2.0814685
0.22                                    2.1107553
0.23                                    2.4415212
0.24                                    2.7700528
0.25                                    2.1700452
0.26                                    1.9993109
0.27                                    1.9414117
0.28                                    2.4837851
0.29                                    2.5386728
0.3                                     1.8986005
0.31                                    2.021903
0.32                                    1.9302907
0.33                                    2.4119696
0.34                                    1.9809326
0.35                                    1.9475274
0.36                                    1.8158625
0.37                                    1.8130576
0.38                                    2.3527713
0.39                                    2.2874267
0.4                                     1.9728419
0.41                                    2.2457277
0.42                                    2.2271303
0.43                                    2.4442394
0.44                                    2.2916243
0.45                                    1.9657527
0.46                                    1.80032
0.47                                    1.8936114
0.48                                    1.7321213
0.49                                    1.9168099
0.5                                     1.9655104
0.51                                    2.1974271
0.52                                    2.0198833
0.53                                    1.5408901
0.54                                    1.6404093
0.55                                    1.7666466
0.56                                    1.8858964
0.57                                    1.7515721
0.58                                    2.030867
0.59                                    1.6878737
0.6                                     1.9467048
0.61                                    1.7546382
0.62                                    1.8727111
0.63                                    1.5112689
0.64                                    1.899002
0.65                                    1.7033654
0.66                                    1.6117732
0.67                                    1.9498012
0.68                                    2.1817508
0.69                                    2.1645192
0.7                                     1.7706308
0.71                                    1.5729374
0.72                                    1.6792133
0.73                                    1.6171978
0.74                                    1.6506824
0.75                                    1.5814751
0.76                                    1.6146606
0.77                                    1.5962081
0.78                                    1.5697595
0.79                                    1.8231079
0.8                                     1.979191
0.81                                    1.3151661
0.82                                    1.7205522
0.83                                    1.7414705
0.84                                    2.0415158
0.85                                    1.453749
0.86                                    1.3593471
0.87                                    2.0700149
0.88                                    1.3273903
0.89                                    1.4429824
0.9                                     1.439039
0.91                                    1.6873964
0.92                                    1.5170448
0.93                                    1.7851764
0.94                                    1.7012346
0.95                                    1.5221277
0.96                                    1.1037635
0.97                                    1.4233441
0.98                                    2.0095353
0.99                                    1.2193623
1.0                                     0.9359186


# Wetting Relative Permeability (fraction)
--------------------------------------------------
Wetting-sat (Sw)                        Value
--------------------------------------------------
0.01                                    0.0193107
0.02                                    0.0192498
0.03                                    0.0248999
0.04                                    0.03003
0.05                                    0.0362513
0.06                                    0.0163377
0.07                                    0.0411202
0.08                                    0.0150765
0.09                                    0.0115767
0.1                                     0.0328896
0.11                                    0.034843
0.12                                    0.0134263
0.13                                    0.0149174
0.14                                    0.0130727
0.15                                    0.0496303
0.16                                    0.0136678
0.17                                    0.0128997
0.18                                    0.0175945
0.19                                    0.0274071
0.2                                     0.019816
0.21                                    0.0171589
0.22                                    0.0413399
0.23                                    0.0455541
0.24                                    0.0313052
0.25                                    0.0085033
0.26                                    0.0400384
0.27                                    0.028518
0.28                                    0.0505113
0.29                                    0.0475364
0.3                                     0.0409095
0.31                                    0.0344783
0.32                                    0.0966473
0.33                                    0.05055
0.34                                    0.0832237
0.35                                    0.04487
0.36                                    0.0477133
0.37                                    0.0763423
0.38                                    0.0505735
0.39                                    0.0671053
0.4                                     0.0723652
0.41                                    0.0665879
0.42                                    0.0859882
0.43                                    0.0828503
0.44                                    0.0686772
0.45                                    0.0740719
0.46                                    0.077285
0.47                                    0.0566494
0.48                                    0.067961
0.49                                    0.0582302
0.5                                     0.0688724
0.51                                    0.0771822
0.52                                    0.0639257
0.53                                    0.059011
0.54                                    0.0777022
0.55                                    0.0676706
0.56                                    0.058253
0.57                                    0.0858612
0.58                                    0.079355
0.59                                    0.0691809
0.6                                     0.0777057
0.61                                    0.066096
0.62                                    0.0823226
0.63                                    0.0841057
0.64                                    0.0895239
0.65                                    0.057762
0.66                                    0.0716015
0.67                                    0.0831308
0.68                                    0.0915239
0.69                                    0.0867902
0.7                                     0.0701766
0.71                                    0.0708156
0.72                                    0.0670278
0.73                                    0.1019878
0.74                                    0.0798364
0.75                                    0.0719811
0.76                                    0.0803683
0.77                                    0.090083
0.78                                    0.1146601
0.79                                    0.1130316
0.8                                     0.1137088
0.81                                    0.157117
0.82                                    0.1324977
0.83                                    0.1335845
0.84                                    0.1575122
0.85                                    0.1870221
0.86                                    0.2068055
0.87                                    0.1303928
0.88                                    0.1828887
0.89                                    0.1836443
0.9                                     0.2150232
0.91                                    0.2199828
0.92                                    0.2559222
0.93                                    0.1894993
0.94                                    0.1917627
0.95                                    0.2457678
0.96                                    0.2297228
0.97                                    0.2855559
0.98                                    0.2453532
0.99                                    0.2320979
1.0                                     0.9723619


# Non-Wetting Relative Permeability (fraction)
--------------------------------------------------
Wetting-sat (Sw)                        Value
--------------------------------------------------
0.01                                    0.9831899
0.02                                    0.9065068
0.03                                    0.7613107
0.04                                    0.8037314
0.05                                    0.863773
0.06                                    0.8073398
0.07                                    0.875665
0.08                                    0.8821306
0.09                                    0.9365053
0.1                                     0.9094553
0.11                                    0.9132519
0.12                                    0.9001905
0.13                                    0.8540514
0.14                                    0.8802948
0.15                                    0.8791664
0.16                                    0.8759263
0.17                                    0.9077261
0.18                                    0.91462
0.19                                    0.9007449
0.2                                     0.8723563
0.21                                    0.8626979
0.22                                    0.8505789
0.23                                    0.8811516
0.24                                    0.8503032
0.25                                    0.8836255
0.26                                    0.8628216
0.27                                    0.8622321
0.28                                    0.8621837
0.29                                    0.8322964
0.3                                     0.8346296
0.31                                    0.8599201
0.32                                    0.828659
0.33                                    0.8469443
0.34                                    0.8386002
0.35                                    0.7739642
0.36                                    0.7560075
0.37                                    0.8067093
0.38                                    0.8207799
0.39                                    0.8305465
0.4                                     0.8365243
0.41                                    0.8028886
0.42                                    0.8057541
0.43                                    0.8430107
0.44                                    0.7899733
0.45                                    0.7606155
0.46                                    0.7296873
0.47                                    0.7551329
0.48                                    0.7873448
0.49                                    0.7379287
0.5                                     0.8153814
0.51                                    0.7066804
0.52                                    0.7721257
0.53                                    0.7609268
0.54                                    0.7766591
0.55                                    0.7518929
0.56                                    0.7073965
0.57                                    0.7499464
0.58                                    0.740125
0.59                                    0.7343218
0.6                                     0.7282189
0.61                                    0.767206
0.62                                    0.7486027
0.63                                    0.7132745
0.64                                    0.7320269
0.65                                    0.6781248
0.66                                    0.72111
0.67                                    0.6868913
0.68                                    0.6768895
0.69                                    0.6753929
0.7                                     0.7859276
0.71                                    0.654689
0.72                                    0.7178599
0.73                                    0.6782241
0.74                                    0.6425268
0.75                                    0.6301981
0.76                                    0.56664
0.77                                    0.678421
0.78                                    0.6363233
0.79                                    0.5488871
0.8                                     0.6816441
0.81                                    0.5353483
0.82                                    0.6162779
0.83                                    0.675655
0.84                                    0.5347664
0.85                                    0.5387521
0.86                                    0.544479
0.87                                    0.5851281
0.88                                    0.5532805
0.89                                    0.5150442
0.9                                     0.4204767
0.91                                    0.5669699
0.92                                    0.4053167
0.93                                    0.375619
0.94                                    0.3671321
0.95                                    0.3712373
0.96                                    0.4699435
0.97                                    0.425298
0.98                                    0.2650861
0.99                                    0.1869515
1.0                                     0.017053


# Two-point Correlation Function (1/um)
--------------------------------------------------
lag (px)                                Value
--------------------------------------------------
0.5                                     0.5335465
1.0                                     0.5330248
1.5                                     0.5321049
2.0                                     0.5316057
2.5                                     0.5282936
3.0                                     0.529709
3.5                                     0.5236185
4.0                                     0.529249
4.5                                     0.5201451
5.0                                     0.5218247
5.5                                     0.5201718
6.0                                     0.5204206
6.5                                     0.5183705
7.0                                     0.5218245
7.5                                     0.5233977
8.0                                     0.5160457
8.5                                     0.5156126
9.0                                     0.5131434
9.5                                     0.5163764
10.0                                    0.5212766
10.5                                    0.5101155
11.0                                    0.512539
11.5                                    0.5144144
12.0                                    0.5139401
12.5                                    0.51769
13.0                                    0.5168158
13.5                                    0.5051756
14.0                                    0.505561
14.5                                    0.5121111
15.0                                    0.5123036
15.5                                    0.506371
16.0                                    0.5116617
16.5                                    0.5120212
17.0                                    0.5052723
17.5                                    0.5074346
18.0                                    0.5076271
18.5                                    0.506393
19.0                                    0.500684
19.5                                    0.4993099
20.0                                    0.5027821
20.5                                    0.4980887
21.0                                    0.516237
21.5                                    0.5008761
22.0                                    0.5026725
22.5                                    0.5004992
23.0                                    0.4999749
23.5                                    0.4981501
24.0                                    0.502145
24.5                                    0.4998592
25.0                                    0.4980464
25.5                                    0.5047989
26.0                                    0.5024567
26.5                                    0.4974636
27.0                                    0.492618
27.5                                    0.4987801
28.0                                    0.489164
28.5                                    0.494011
29.0                                    0.4917771
29.5                                    0.4995611
30.0                                    0.4996917
30.5                                    0.496811
31.0                                    0.4884212
31.5                                    0.505136
32.0                                    0.4948564
32.5                                    0.4947831
33.0                                    0.489673
33.5                                    0.4937935
34.0                                    0.4763545
34.5                                    0.4723717
35.0                                    0.4896375
35.5                                    0.4901985
36.0                                    0.4883373
36.5                                    0.4935565
37.0                                    0.4830921
37.5                                    0.4871727
38.0                                    0.4932123
38.5                                    0.4857304
39.0                                    0.48195
39.5                                    0.4807849
40.0                                    0.4882678
40.5                                    0.5001743
41.0                                    0.48071
41.5                                    0.4846494
42.0                                    0.4864233
42.5                                    0.4683251
43.0                                    0.4932697
43.5                                    0.4915503
44.0                                    0.485651
44.5                                    0.4813386
45.0                                    0.4739431
45.5                                    0.4873571
46.0                                    0.4893052
46.5                                    0.4838144
47.0                                    0.4899796
47.5                                    0.4804383
48.0                                    0.4784432
48.5                                    0.4709649
49.0                                    0.4779792
49.5                                    0.483997
50.0                                    0.479051


# Pore Radius Distribution (um)
--------------------------------------------------
Cumulative probability                  Value
--------------------------------------------------
0.01                                    6.8171384
0.02                                    5.670185
0.03                                    9.253104
0.04                                    11.5708966
0.05                                    11.9075061
0.06                                    8.5980885
0.07                                    16.2807327
0.08                                    11.8725645
0.09                                    10.8587023
0.1                                     14.1694098
0.11                                    17.2037324
0.12                                    14.1836398
0.13                                    12.7070098
0.14                                    14.3741391
0.15                                    15.1059092
0.16                                    14.9689089
0.17                                    14.6735345
0.18                                    19.8348147
0.19                                    14.9343756
0.2                                     20.1906045
0.21                                    17.94544
0.22                                    14.154555
0.23                                    13.9658658
0.24                                    14.2182621
0.25                                    14.7616861
0.26                                    15.7333345
0.27                                    16.1240897
0.28                                    16.9425555
0.29                                    15.961111
0.3                                     18.386476
0.31                                    17.342018
0.32                                    14.2156089
0.33                                    17.0369171
0.34                                    19.6279983
0.35                                    15.4549184
0.36                                    15.2770639
0.37                                    17.1202257
0.38                                    18.9296734
0.39                                    16.8453885
0.4                                     21.8612456
0.41                                    16.5381023
0.42                                    18.3087086
0.43                                    18.0575664
0.44                                    14.9095137
0.45                                    16.2968407
0.46                                    19.6062959
0.47                                    14.5218162
0.48                                    17.0230311
0.49                                    20.46575
0.5                                     22.5917332
0.51                                    19.1041473
0.52                                    16.8990701
0.53                                    23.2397673
0.54                                    18.2877677
0.55                                    21.3304021
0.56                                    20.2670031
0.57                                    18.324589
0.58                                    20.3673903
0.59                                    21.7320883
0.6                                     17.5791788
0.61                                    19.5988392
0.62                                    17.5951454
0.63                                    24.4985039
0.64                                    19.3697461
0.65                                    21.7890249
0.66                                    23.0121696
0.67                                    23.6854032
0.68                                    20.7446128
0.69                                    26.970424
0.7                                     25.4762237
0.71                                    25.5810365
0.72                                    20.3488237
0.73                                    22.4921405
0.74                                    22.8975735
0.75                                    19.9563464
0.76                                    22.1903552
0.77                                    21.7577594
0.78                                    22.3094595
0.79                                    24.7855996
0.8                                     23.2463286
0.81                                    25.4443014
0.82                                    26.9091095
0.83                                    23.9720145
0.84                                    21.7416221
0.85                                    23.6541762
0.86                                    26.4349915
0.87                                    28.6943503
0.88                                    25.0011663
0.89                                    28.5977888
0.9                                     28.4990456
0.91                                    30.3033448
0.92                                    34.8537591
0.93                                    22.413397
0.94                                    26.3425547
0.95                                    34.1296842
0.96                                    32.3057579
0.97                                    33.1400362
0.98                                    38.8531981
0.99                                    42.6068287
1.0                                     51.7347062


# Throat Radius Distribution (um)
--------------------------------------------------
Cumulative probability                  Value
--------------------------------------------------
0.01                                    4.1187276
0.02                                    6.9372268
0.03                                    4.2659344
0.04                                    5.4846549
0.05                                    6.5047648
0.06                                    5.5414225
0.07                                    8.0046102
0.08                                    8.1114614
0.09                                    5.7600887
0.1                                     11.6362764
0.11                                    7.8036515
0.12                                    7.6856011
0.13                                    12.1837935
0.14                                    11.1578689
0.15                                    8.9644481
0.16                                    10.6580595
0.17                                    11.9869381
0.18                                    9.9984485
0.19                                    13.5010642
0.2                                     13.9219147
0.21                                    14.4613214
0.22                                    12.5031377
0.23                                    16.7792993
0.24                                    15.4843915
0.25                                    9.4900131
0.26                                    18.7119371
0.27                                    12.0898183
0.28                                    18.0785402
0.29                                    12.71694
0.3                                     16.9348062
0.31                                    12.8068965
0.32                                    20.4223711
0.33                                    13.7379924
0.34                                    13.0760922
0.35                                    15.9235704
0.36                                    18.3863833
0.37                                    17.0985209
0.38                                    15.3489379
0.39                                    15.3245402
0.4                                     14.9569034
0.41                                    19.9950658
0.42                                    16.8048378
0.43                                    20.1005608
0.44                                    15.5948411
0.45                                    19.757096
0.46                                    19.9113639
0.47                                    21.2803808
0.48                                    21.2529742
0.49                                    19.4435646
0.5                                     18.2953178
0.51                                    19.4268085
0.52                                    23.5906376
0.53                                    18.5117341
0.54                                    19.3048457
0.55                                    20.1960475
0.56                                    21.6952238
0.57                                    18.2937174
0.58                                    23.6669479
0.59                                    25.0868115
0.6                                     19.9310325
0.61                                    20.2947611
0.62                                    26.0595029
0.63                                    20.0358443
0.64                                    23.3557338
0.65                                    23.2664315
0.66                                    21.2996376
0.67                                    27.0734818
0.68                                    29.2878402
0.69                                    20.5722683
0.7                                     26.715303
0.71                                    24.8749343
0.72                                    24.8216805
0.73                                    23.0508182
0.74                                    23.9183065
0.75                                    26.3237467
0.76                                    26.4162236
0.77                                    26.7262529
0.78                                    24.3162979
0.79                                    22.4929137
0.8                                     24.7913409
0.81                                    29.0075103
0.82                                    25.6370231
0.83                                    25.4811137
0.84                                    30.3897027
0.85                                    31.1160761
0.86                                    33.1882265
0.87                                    30.5749689
0.88                                    33.6142422
0.89                                    30.7746684
0.9                                     30.632642
0.91                                    28.6463685
0.92                                    32.7452676
0.93                                    35.8339931
0.94                                    31.9742318
0.95                                    34.368724
0.96                                    32.5566752
0.97                                    38.2022244
0.98                                    40.1884118
0.99                                    41.5788174
1.0                                     56.1771446


# Throat Lenght Distribution (um)
--------------------------------------------------
Cumulative probability                  Value
--------------------------------------------------
0.01                                    18.6644728
0.02                                    24.0310015
0.03                                    20.177239
0.04                                    26.7104932
0.05                                    26.5403289
0.06                                    27.7918448
0.07                                    30.7777659
0.08                                    38.4569217
0.09                                    27.747915
0.1                                     26.827103
0.11                                    38.4433943
0.12                                    29.0053043
0.13                                    28.1933052
0.14                                    34.0669449
0.15                                    31.3284537
0.16                                    32.2596877
0.17                                    35.9103723
0.18                                    28.9245688
0.19                                    42.3258844
0.2                                     39.4488569
0.21                                    41.483222
0.22                                    34.0854347
0.23                                    34.5407126
0.24                                    35.0942615
0.25                                    47.6312677
0.26                                    36.4810053
0.27                                    44.6853158
0.28                                    43.2358895
0.29                                    41.3080083
0.3                                     41.2388146
0.31                                    40.4294924
0.32                                    37.668199
0.33                                    45.2623212
0.34                                    46.7371211
0.35                                    48.1831811
0.36                                    45.2369476
0.37                                    46.2100679
0.38                                    43.5940019
0.39                                    45.1869167
0.4                                     54.2009758
0.41                                    53.9709115
0.42                                    42.9161397
0.43                                    44.9443519
0.44                                    45.7912832
0.45                                    44.0181901
0.46                                    57.0938659
0.47                                    47.0442876
0.48                                    52.4785182
0.49                                    52.2585031
0.5                                     53.6200617
0.51                                    47.5703967
0.52                                    53.7599602
0.53                                    55.9866646
0.54                                    54.7497258
0.55                                    54.643511
0.56                                    54.4206183
0.57                                    58.7512706
0.58                                    44.1409963
0.59                                    59.3242513
0.6                                     46.9299283
0.61                                    55.3097299
0.62                                    49.6779842
0.63                                    48.1519154
0.64                                    51.1640259
0.65                                    58.9203687
0.66                                    60.0960514
0.67                                    61.8491081
0.68                                    59.5248428
0.69                                    59.5456535
0.7                                     59.3984882
0.71                                    60.7622164
0.72                                    66.999107
0.73                                    60.7217586
0.74                                    57.469783
0.75                                    66.4978457
0.76                                    63.3228439
0.77                                    64.721171
0.78                                    65.3725665
0.79                                    57.0147142
0.8                                     57.9997636
0.81                                    61.7595303
0.82                                    61.9085423
0.83                                    65.2678423
0.84                                    64.3525745
0.85                                    64.7790649
0.86                                    75.1170487
0.87                                    71.2779397
0.88                                    76.6561024
0.89                                    72.1919364
0.9                                     64.9139533
0.91                                    75.4101702
0.92                                    72.9827998
0.93                                    76.3667157
0.94                                    76.0511687
0.95                                    83.0022387
0.96                                    82.1725861
0.97                                    81.0804939
0.98                                    87.0865873
0.99                                    101.353763
1.0                                     113.3777091


# Pore Inscribed Radius Distribution (um)
--------------------------------------------------
Cumulative probability                  Value
--------------------------------------------------
0.01                                    7.1152175
0.02                                    12.4388558
0.03                                    17.6350237
0.04                                    25.8833127
0.05                                    24.9131762
0.06                                    22.4139219
0.07                                    20.6037418
0.08                                    20.7355724
0.09                                    22.0020957
0.1                                     16.3054546
0.11                                    22.4410458
0.12                                    13.405843
0.13                                    26.0590725
0.14                                    18.5266015
0.15                                    20.6244918
0.16                                    20.1373768
0.17                                    21.8726808
0.18                                    21.0022484
0.19                                    22.6816115
0.2                                     19.6258669
0.21                                    21.6043698
0.22                                    22.0999919
0.23                                    17.5713803
0.24                                    23.9656541
0.25                                    15.8034414
0.26                                    24.866785
0.27                                    22.4237491
0.28                                    16.8192979
0.29                                    20.0588044
0.3                                     18.8193536
0.31                                    19.4502646
0.32                                    15.90803
0.33                                    19.8935702
0.34                                    25.0634763
0.35                                    18.5873396
0.36                                    20.814566
0.37                                    17.8399071
0.38                                    23.7087949
0.39                                    23.5153942
0.4                                     20.8329293
0.41                                    19.9754331
0.42                                    19.621431
0.43                                    21.4659804
0.44                                    20.9174151
0.45                                    23.9824081
0.46                                    16.5071998
0.47                                    18.555951
0.48                                    25.5555716
0.49                                    26.6493893
0.5                                     19.1403835
0.51                                    21.372544
0.52                                    19.3538134
0.53                                    21.2282703
0.54                                    20.1208864
0.55                                    24.2464835
0.56                                    22.814495
0.57                                    24.6787533
0.58                                    19.8939143
0.59                                    20.045519
0.6                                     22.5051994
0.61                                    20.4460423
0.62                                    23.3386654
0.63                                    27.4855928
0.64                                    22.1711922
0.65                                    23.4719905
0.66                                    23.7482369
0.67                                    23.9131732
0.68                                    18.7804098
0.69                                    22.3874521
0.7                                     21.5258213
0.71                                    26.912708
0.72                                    24.1580669
0.73                                    26.9423571
0.74                                    26.261232
0.75                                    26.3720507
0.76                                    21.6011477
0.77                                    24.65643
0.78                                    27.446447
0.79                                    27.4858513
0.8                                     24.3001218
0.81                                    27.5202342
0.82                                    29.8637955
0.83                                    30.9630524
0.84                                    29.3931555
0.85                                    25.3586321
0.86                                    33.1366422
0.87                                    30.860306
0.88                                    31.7006372
0.89                                    25.4284731
0.9                                     30.8040586
0.91                                    28.6051288
0.92                                    29.7021172
0.93                                    31.9721977
0.94                                    32.6355758
0.95                                    35.9688987
0.96                                    36.4980871
0.97                                    38.5742755
0.98                                    33.0493282
0.99                                    41.3264256
1.0                                     49.1707123


# Throat Inscribed Radius Distribution (um)
--------------------------------------------------
Cumulative probability                  Value
--------------------------------------------------
0.01                                    1.6278339
0.02                                    3.7109367
0.03                                    4.1538534
0.04                                    7.786781
0.05                                    6.9098869
0.06                                    11.6524806
0.07                                    8.4742117
0.08                                    15.9537374
0.09                                    15.5040453
0.1                                     10.6336268
0.11                                    13.7260636
0.12                                    10.1795758
0.13                                    14.0207341
0.14                                    15.3788294
0.15                                    15.7608443
0.16                                    12.3569994
0.17                                    13.0647682
0.18                                    14.4825129
0.19                                    12.6750914
0.2                                     15.247047
0.21                                    15.3638676
0.22                                    12.9344932
0.23                                    11.0425953
0.24                                    15.8534335
0.25                                    14.5773496
0.26                                    14.4712085
0.27                                    16.0436344
0.28                                    18.5337033
0.29                                    16.5748458
0.3                                     15.5346494
0.31                                    13.3993411
0.32                                    16.5987208
0.33                                    17.7362456
0.34                                    21.3210644
0.35                                    16.7239556
0.36                                    16.3293539
0.37                                    15.2620956
0.38                                    16.2209841
0.39                                    18.0409666
0.4                                     16.1966592
0.41                                    16.139557
0.42                                    15.9229693
0.43                                    16.4463304
0.44                                    19.6798605
0.45                                    16.364376
0.46                                    19.7688343
0.47                                    16.5531548
0.48                                    19.6274556
0.49                                    18.2041543
0.5                                     17.7051127
0.51                                    23.4817796
0.52                                    14.8537955
0.53                                    20.739762
0.54                                    20.7277012
0.55                                    20.8594579
0.56                                    18.3343887
0.57                                    22.6463066
0.58                                    19.5205417
0.59                                    19.6450093
0.6                                     20.039508
0.61                                    19.9290018
0.62                                    21.5458292
0.63                                    24.6046733
0.64                                    19.1646683
0.65                                    20.6088431
0.66                                    18.5426042
0.67                                    23.4023059
0.68                                    18.2239719
0.69                                    20.594208
0.7                                     19.4632091
0.71                                    21.667572
0.72                                    25.1455652
0.73                                    23.3262713
0.74                                    21.3629784
0.75                                    20.4590393
0.76                                    24.1515976
0.77                                    22.1708363
0.78                                    25.1556021
0.79                                    20.9158226
0.8                                     20.7066161
0.81                                    21.6303227
0.82                                    20.9776856
0.83                                    23.3101749
0.84                                    24.9618807
0.85                                    22.3200179
0.86                                    23.9588956
0.87                                    27.2213055
0.88                                    26.9485361
0.89                                    23.7934847
0.9                                     27.8363869
0.91                                    26.3670249
0.92                                    25.3774983
0.93                                    25.0084105
0.94                                    29.2932069
0.95                                    28.1146926
0.96                                    29.7450436
0.97                                    30.1676155
0.98                                    29.4779867
0.99                                    34.9287281
1.0                                     40.7579165


# Throat Average Distance (um)
--------------------------------------------------
Cumulative probability                  Value
--------------------------------------------------
0.01                                    1.9425079
0.02                                    2.4614373
0.03                                    2.3064978
0.04                                    4.9625399
0.05                                    2.8678805
0.06                                    4.8448998
0.07                                    4.7031906
0.08                                    5.0869923
0.09                                    6.5083261
0.1                                     5.3188511
0.11                                    4.1946596
0.12                                    8.7508982
0.13                                    5.8674003
0.14                                    6.5258384
0.15                                    7.7898903
0.16                                    6.4905536
0.17                                    8.0673487
0.18                                    11.577427
0.19                                    6.9945506
0.2                                     6.5579627
0.21                                    8.890381
0.22                                    10.1597172
0.23                                    12.7351895
0.24                                    10.7441194
0.25                                    8.8668075
0.26                                    9.1768021
0.27                                    8.3959705
0.28                                    10.8782052
0.29                                    11.5563339
0.3                                     10.7136089
0.31                                    8.712371
0.32                                    12.4669455
0.33                                    11.5702508
0.34                                    8.9249932
0.35                                    10.4911207
0.36                                    11.1616619
0.37                                    11.423756
0.38                                    13.7144998
0.39                                    13.1215301
0.4                                     14.0498245
0.41                                    11.736037
0.42                                    11.688616
0.43                                    10.6052351
0.44                                    9.509068
0.45                                    11.3061022
0.46                                    11.3064548
0.47                                    10.990985
0.48                                    11.632425
0.49                                    13.0631397
0.5                                     12.450183
0.51                                    13.0714187
0.52                                    11.061415
0.53                                    13.8188201
0.54                                    12.6336698
0.55                                    11.5354676
0.56                                    13.4365876
0.57                                    14.3847179
0.58                                    13.611063
0.59                                    13.244657
0.6                                     15.8846518
0.61                                    12.1959503
0.62                                    13.9204291
0.63                                    14.0337031
0.64                                    12.5503858
0.65                                    14.9197274
0.66                                    11.2807753
0.67                                    14.4275965
0.68                                    14.9386705
0.69                                    15.0785757
0.7                                     13.3219789
0.71                                    15.0113554
0.72                                    15.678051
0.73                                    13.7874786
0.74                                    11.0370377
0.75                                    16.720185
0.76                                    12.5092858
0.77                                    14.0733844
0.78                                    12.0095432
0.79                                    12.6007722
0.8                                     11.96729
0.81                                    13.4110675
0.82                                    14.3381017
0.83                                    13.87322
0.84                                    16.6344299
0.85                                    13.0187134
0.86                                    15.0316699
0.87                                    13.8449603
0.88                                    13.9889892
0.89                                    18.290635
0.9                                     14.7206417
0.91                                    20.5881405
0.92                                    16.8831129
0.93                                    18.3208538
0.94                                    19.3841909
0.95                                    18.3797562
0.96                                    20.9410116
0.97                                    22.8560358
0.98                                    22.013572
0.99                                    23.9084917
1.0                                     29.4097534


# Throat Permeability Distribution (um2)
--------------------------------------------------
Cumulative probability                  Value
--------------------------------------------------
0.01                                    15.1371142
0.02                                    34.2427562
0.03                                    30.4931131
0.04                                    45.4205183
0.05                                    51.1969365
0.06                                    65.5876051
0.07                                    30.7176966
0.08                                    80.2933491
0.09                                    56.0163493
0.1                                     27.1974336
0.11                                    39.5471207
0.12                                    34.8681875
0.13                                    49.294091
0.14                                    24.8258522
0.15                                    29.9030677
0.16                                    45.0452254
0.17                                    21.1164623
0.18                                    22.9377757
0.19                                    19.6463736
0.2                                     36.7566883
0.21                                    19.080864
0.22                                    17.5946979
0.23                                    53.8714443
0.24                                    112.927295
0.25                                    22.8243764
0.26                                    30.6461178
0.27                                    72.1573281
0.28                                    56.4348274
0.29                                    22.8073956
0.3                                     80.1268645
0.31                                    17.269126
0.32                                    67.8414777
0.33                                    85.1228952
0.34                                    33.0220393
0.35                                    14.7854955
0.36                                    50.6166353
0.37                                    88.0138498
0.38                                    66.5625237
0.39                                    37.6508818
0.4                                     22.6182639
0.41                                    94.5427183
0.42                                    81.2700873
0.43                                    41.722075
0.44                                    73.863331
0.45                                    92.2596998
0.46                                    89.0182807
0.47                                    66.4056257
0.48                                    123.4829853
0.49                                    119.9181579
0.5                                     42.230852
0.51                                    71.5229402
0.52                                    70.4320617
0.53                                    56.4813207
0.54                                    95.3582956
0.55                                    137.4697392
0.56                                    91.4657971
0.57                                    51.3502402
0.58                                    126.757241
0.59                                    77.4277598
0.6                                     179.3430839
0.61                                    56.8359902
0.62                                    28.8292762
0.63                                    97.0038464
0.64                                    160.0731611
0.65                                    175.1468327
0.66                                    89.9133357
0.67                                    175.2662711
0.68                                    76.2978851
0.69                                    123.2183125
0.7                                     285.825596
0.71                                    97.2203349
0.72                                    138.1761721
0.73                                    141.6472928
0.74                                    106.387856
0.75                                    137.5332262
0.76                                    97.3258144
0.77                                    178.1950067
0.78                                    147.124382
0.79                                    182.9505146
0.8                                     106.6902713
0.81                                    218.0748566
0.82                                    397.6307684
0.83                                    117.5118496
0.84                                    184.5715746
0.85                                    282.3873955
0.86                                    294.3784299
0.87                                    226.6032061
0.88                                    271.6300436
0.89                                    177.9011687
0.9                                     197.3305999
0.91                                    380.0658391
0.92                                    369.9071194
0.93                                    219.4342529
0.94                                    403.8244109
0.95                                    470.3915939
0.96                                    364.8967247
0.97                                    795.4772581
0.98                                    815.134237
0.99                                    940.5350951
1.0                                     1365.6612233


# Coordination Number Distribution
--------------------------------------------------
Cumulative probability                  Value
--------------------------------------------------
0.01                                    1.8210346
0.02                                    6.3559342
0.03                                    10.1078264
0.04                                    12.6995566
0.05                                    16.711575
0.06                                    13.5891219
0.07                                    13.9154242
0.08                                    22.3110418
0.09                                    18.579353
0.1                                     11.7130448
0.11                                    6.7519462
0.12                                    12.6705463
0.13                                    14.8855784
0.14                                    9.631063
0.15                                    12.8793939
0.16                                    7.3257921
0.17                                    9.5449958
0.18                                    10.6556814
0.19                                    12.7217327
0.2                                     10.4086069
0.21                                    13.5526911
0.22                                    10.4009713
0.23                                    13.6781614
0.24                                    13.3718128
0.25                                    7.4216303
0.26                                    8.4270594
0.27                                    14.5292005
0.28                                    9.5698106
0.29                                    13.492046
0.3                                     14.5257853
0.31                                    9.9370592
0.32                                    18.5976032
0.33                                    9.321158
0.34                                    10.971066
0.35                                    9.3900253
0.36                                    8.9084391
0.37                                    12.0463497
0.38                                    10.1014243
0.39                                    11.5966483
0.4                                     14.8466806
0.41                                    13.2094082
0.42                                    18.0148399
0.43                                    10.1529131
0.44                                    13.5895508
0.45                                    16.4756466
0.46                                    9.8270697
0.47                                    12.6929815
0.48                                    13.45057
0.49                                    10.9099896
0.5                                     14.1533369
0.51                                    12.367388
0.52                                    11.5624328
0.53                                    12.7443952
0.54                                    13.488158
0.55                                    14.999354
0.56                                    12.3228084
0.57                                    13.688886
0.58                                    11.6730314
0.59                                    12.8897617
0.6                                     15.217681
0.61                                    12.5823218
0.62                                    12.5128485
0.63                                    15.6734064
0.64                                    14.9162639
0.65                                    14.3301525
0.66                                    9.9874893
0.67                                    16.1018847
0.68                                    12.2495998
0.69                                    17.7848987
0.7                                     16.5039078
0.71                                    17.9297336
0.72                                    16.2419823
0.73                                    16.6017914
0.74                                    15.9550361
0.75                                    16.4664518
0.76                                    16.7580388
0.77                                    18.4036775
0.78                                    16.4251566
0.79                                    18.2665539
0.8                                     16.9022762
0.81                                    22.0833489
0.82                                    19.162351
0.83                                    18.757454
0.84                                    12.8615139
0.85                                    26.5641609
0.86                                    20.2036733
0.87                                    22.6792159
0.88                                    19.9954648
0.89                                    17.6723915
0.9                                     15.6897199
0.91                                    22.3538203
0.92                                    24.5439111
0.93                                    25.3456503
0.94                                    25.9676659
0.95                                    25.8357769
0.96                                    25.5094307
0.97                                    31.788391
0.98                                    27.2662008
0.99                                    30.2455332
1.0                                     50.4390917


# Pore Sphericity Distribution (ratio)
--------------------------------------------------
Cumulative probability                  Value
--------------------------------------------------
0.01                                    0.473557
0.02                                    0.4915627
0.03                                    0.5463143
0.04                                    0.5334618
0.05                                    0.5829002
0.06                                    0.6185164
0.07                                    0.5587879
0.08                                    0.6238649
0.09                                    0.5973601
0.1                                     0.6077066
0.11                                    0.6195092
0.12                                    0.666993
0.13                                    0.6164136
0.14                                    0.6732799
0.15                                    0.6631083
0.16                                    0.6876554
0.17                                    0.6696924
0.18                                    0.7298315
0.19                                    0.739206
0.2                                     0.6966065
0.21                                    0.7255679
0.22                                    0.6860918
0.23                                    0.7324275
0.24                                    0.7200017
0.25                                    0.7104874
0.26                                    0.7138174
0.27                                    0.7008684
0.28                                    0.7508846
0.29                                    0.7044404
0.3                                     0.7895936
0.31                                    0.7693802
0.32                                    0.7811007
0.33                                    0.7478454
0.34                                    0.7195121
0.35                                    0.7665021
0.36                                    0.7391318
0.37                                    0.7692015
0.38                                    0.7052112
0.39                                    0.7690873
0.4                                     0.7692038
0.41                                    0.7736007
0.42                                    0.7749663
0.43                                    0.7451348
0.44                                    0.7618121
0.45                                    0.7309946
0.46                                    0.7856925
0.47                                    0.8189746
0.48                                    0.8039658
0.49                                    0.8332049
0.5                                     0.7996513
0.51                                    0.8136253
0.52                                    0.7707327
0.53                                    0.8016136
0.54                                    0.771896
0.55                                    0.8088935
0.56                                    0.8269702
0.57                                    0.8255081
0.58                                    0.8404356
0.59                                    0.8157779
0.6                                     0.8190317
0.61                                    0.8048537
0.62                                    0.8568026
0.63                                    0.7989961
0.64                                    0.7561113
0.65                                    0.8159831
0.66                                    0.8115331
0.67                                    0.794565
0.68                                    0.8341483
0.69                                    0.8705019
0.7                                     0.8219917
0.71                                    0.8196423
0.72                                    0.8434136
0.73                                    0.8264013
0.74                                    0.8452561
0.75                                    0.8138035
0.76                                    0.854845
0.77                                    0.8568494
0.78                                    0.8121257
0.79                                    0.8409835
0.8                                     0.8568287
0.81                                    0.8679449
0.82                                    0.8782017
0.83                                    0.8880767
0.84                                    0.8645481
0.85                                    0.8701125
0.86                                    0.8841393
0.87                                    0.8868858
0.88                                    0.9054255
0.89                                    0.8888247
0.9                                     0.9186406
0.91                                    0.9208977
0.92                                    0.9033684
0.93                                    0.9243933
0.94                                    0.9426863
0.95                                    0.9495159
0.96                                    0.9587104
0.97                                    0.9730213
0.98                                    0.9883197
0.99                                    0.9877964
1.0                                     0.9814883


# Grain Sphericity Distribution (ratio)
--------------------------------------------------
Cumulative probability                  Value
--------------------------------------------------
0.01                                    0.5487392
0.02                                    0.6079171
0.03                                    0.6452949
0.04                                    0.6588998
0.05                                    0.6491275
0.06                                    0.6665576
0.07                                    0.7025361
0.08                                    0.6589045
0.09                                    0.6941143
0.1                                     0.6445105
0.11                                    0.6856423
0.12                                    0.6768995
0.13                                    0.6433944
0.14                                    0.6586909
0.15                                    0.6777406
0.16                                    0.6917685
0.17                                    0.6780792
0.18                                    0.6974979
0.19                                    0.7342353
0.2                                     0.6662902
0.21                                    0.7250401
0.22                                    0.6597016
0.23                                    0.708513
0.24                                    0.6148323
0.25                                    0.7009065
0.26                                    0.7431018
0.27                                    0.704455
0.28                                    0.6759143
0.29                                    0.7294471
0.3                                     0.6709664
0.31                                    0.6257073
0.32                                    0.6883846
0.33                                    0.6503809
0.34                                    0.6929827
0.35                                    0.6718113
0.36                                    0.6763329
0.37                                    0.6664559
0.38                                    0.6841794
0.39                                    0.6572551
0.4                                     0.6944119
0.41                                    0.6797137
0.42                                    0.6805673
0.43                                    0.6785302
0.44                                    0.6993917
0.45                                    0.7052545
0.46                                    0.7081635
0.47                                    0.6563127
0.48                                    0.6962144
0.49                                    0.7089967
0.5                                     0.704335
0.51                                    0.6489165
0.52                                    0.7140191
0.53                                    0.6843689
0.54                                    0.6730935
0.55                                    0.6759864
0.56                                    0.7029741
0.57                                    0.7070827
0.58                                    0.6936925
0.59                                    0.7008253
0.6                                     0.7201289
0.61                                    0.6605123
0.62                                    0.6591851
0.63                                    0.6508895
0.64                                    0.7104898
0.65                                    0.6856231
0.66                                    0.6719892
0.67                                    0.687117
0.68                                    0.6564474
0.69                                    0.7276229
0.7                                     0.6423279
0.71                                    0.6680176
0.72                                    0.6863598
0.73                                    0.7505283
0.74                                    0.6465066
0.75                                    0.6368285
0.76                                    0.6433798
0.77                                    0.6796501
0.78                                    0.6800192
0.79                                    0.6957666
0.8                                     0.7167398
0.81                                    0.6339349
0.82                                    0.708151
0.83                                    0.6736235
0.84                                    0.6887929
0.85                                    0.6197847
0.86                                    0.6908102
0.87                                    0.7242006
0.88                                    0.7190949
0.89                                    0.730493
0.9                                     0.6922426
0.91                                    0.7046925
0.92                                    0.7027948
0.93                                    0.7040434
0.94                                    0.7207933
0.95                                    0.7147611
0.96                                    0.7695173
0.97                                    0.7122785
0.98                                    0.7784826
0.99                                    0.8018507
1.0                                     0.9566371


# Grain Radius Distribution (um)
--------------------------------------------------
Cumulative probability                  Value
--------------------------------------------------
0.01                                    2.846437
0.02                                    2.331641
0.03                                    4.9229073
0.04                                    2.7659452
0.05                                    3.3871844
0.06                                    4.3603108
0.07                                    5.0117341
0.08                                    4.9707386
0.09                                    6.3566049
0.1                                     8.0580008
0.11                                    6.1073061
0.12                                    6.9403747
0.13                                    6.7094482
0.14                                    7.196671
0.15                                    7.895285
0.16                                    9.0703005
0.17                                    9.7007575
0.18                                    7.8254254
0.19                                    9.4530685
0.2                                     7.419302
0.21                                    8.1600563
0.22                                    10.8664236
0.23                                    11.7832596
0.24                                    6.0899242
0.25                                    12.109897
0.26                                    11.7225719
0.27                                    11.5915327
0.28                                    8.5447251
0.29                                    10.8457434
0.3                                     11.5240433
0.31                                    12.6314919
0.32                                    10.2906937
0.33                                    12.8078959
0.34                                    10.5269573
0.35                                    14.3332533
0.36                                    12.6158651
0.37                                    13.2633439
0.38                                    12.1671125
0.39                                    9.9648416
0.4                                     12.7179559
0.41                                    14.6022139
0.42                                    13.6162274
0.43                                    12.5119789
0.44                                    14.90163
0.45                                    18.0019081
0.46                                    12.4082074
0.47                                    16.2753407
0.48                                    17.4882463
0.49                                    16.8570216
0.5                                     15.2584154
0.51                                    14.1349689
0.52                                    19.3456466
0.53                                    15.4840457
0.54                                    15.1009458
0.55                                    13.7169306
0.56                                    15.6770614
0.57                                    15.4007805
0.58                                    14.0699448
0.59                                    18.6655008
0.6                                     16.3521166
0.61                                    16.504359
0.62                                    15.9288707
0.63                                    17.0784035
0.64                                    12.213173
0.65                                    15.6499218
0.66                                    14.627718
0.67                                    18.8993301
0.68                                    22.5892992
0.69                                    19.3951927
0.7                                     16.2364175
0.71                                    16.3356281
0.72                                    20.3601359
0.73                                    16.4806526
0.74                                    18.7109705
0.75                                    18.2507358
0.76                                    15.5641279
0.77                                    22.7477574
0.78                                    17.9166035
0.79                                    18.5924045
0.8                                     17.1295618
0.81                                    21.3800257
0.82                                    19.491689
0.83                                    19.7246738
0.84                                    17.7812061
0.85                                    24.7276072
0.86                                    21.7783473
0.87                                    17.8425224
0.88                                    20.8547767
0.89                                    22.8699457
0.9                                     24.0910089
0.91                                    25.6476738
0.92                                    23.6634742
0.93                                    21.8055832
0.94                                    24.7132545
0.95                                    24.489018
0.96                                    25.0901569
0.97                                    25.8333337
0.98                                    30.8932337
0.99                                    28.8395773
1.0                                     49.5709181
