DeePore output results including 15 single-value
paramters, 4 functions and 11 distributions
__________________________________________________
        ### Single-value parameters ###
__________________________________________________

Properties                              Value
--------------------------------------------------
Absolute Permeability (um2)             1.4204198
Formation Factor (ratio)                2.4905918
Cementation Factor (ratio)              2.0858633
pore density (1/um3)                    0.0004443
Tortuosity (ratio)                      1.2267977
Average Coordination Number             5.3473547
Average Throat Radius (um)              3.7700543
Average Pore Radius (um)                4.6263582
Average Throat Length (um)              12.8496462
Pore to Throat Aspect ratio             13.0041261
Specific Surface (1/um)                 0.0005157
Pore Sphericity (ratio)                 8.7224738
Grain Sphericity (ratio)                0.7529087
Average Grain Radius (um)               2.4412139
Relative Young Module (ratio)           0.260146

__________________________________________________
       ### Functions and distributions ###
__________________________________________________


# Leveret J Function (ratio)
--------------------------------------------------
Wetting-sat (Sw)                        Value
--------------------------------------------------
0.01                                    4.8616349
0.02                                    5.6830447
0.03                                    4.6349955
0.04                                    4.8267801
0.05                                    5.4752441
0.06                                    5.3323854
0.07                                    5.0975356
0.08                                    4.0729912
0.09                                    4.6419782
0.1                                     5.3923371
0.11                                    4.3676572
0.12                                    3.3151608
0.13                                    4.3112144
0.14                                    4.5410997
0.15                                    3.8817054
0.16                                    3.2687544
0.17                                    2.8836002
0.18                                    2.8962361
0.19                                    3.1769805
0.2                                     2.3328439
0.21                                    3.156213
0.22                                    3.8798757
0.23                                    2.2017153
0.24                                    2.9586034
0.25                                    3.001622
0.26                                    2.0810528
0.27                                    1.7616255
0.28                                    3.1968743
0.29                                    2.4041971
0.3                                     2.4282175
0.31                                    1.5941705
0.32                                    1.8937061
0.33                                    2.155204
0.34                                    2.2862806
0.35                                    1.7904975
0.36                                    1.8587759
0.37                                    1.8847706
0.38                                    2.6765895
0.39                                    2.1015417
0.4                                     1.8254715
0.41                                    1.7221894
0.42                                    1.1604029
0.43                                    2.0983217
0.44                                    2.5804549
0.45                                    2.118563
0.46                                    1.6222052
0.47                                    2.0632756
0.48                                    2.602502
0.49                                    1.4490989
0.5                                     2.022327
0.51                                    2.212041
0.52                                    2.6863721
0.53                                    2.1746009
0.54                                    1.9449181
0.55                                    1.7967704
0.56                                    2.4779964
0.57                                    1.7475777
0.58                                    2.4248261
0.59                                    1.9789815
0.6                                     2.0574054
0.61                                    1.2482081
0.62                                    2.2771154
0.63                                    2.29174
0.64                                    1.1538607
0.65                                    1.1593608
0.66                                    2.174513
0.67                                    2.9245357
0.68                                    1.0036761
0.69                                    2.434422
0.7                                     1.9588422
0.71                                    1.5997288
0.72                                    2.1623452
0.73                                    1.639548
0.74                                    1.5870536
0.75                                    1.5256601
0.76                                    2.2971041
0.77                                    2.4507206
0.78                                    2.5086538
0.79                                    1.3033933
0.8                                     1.2383086
0.81                                    1.2443111
0.82                                    1.9177344
0.83                                    1.357538
0.84                                    1.2841942
0.85                                    1.6566491
0.86                                    2.4647914
0.87                                    2.1302627
0.88                                    1.1773187
0.89                                    2.4058742
0.9                                     1.4576523
0.91                                    2.5835858
0.92                                    1.8106373
0.93                                    1.5375801
0.94                                    1.3720847
0.95                                    1.6526914
0.96                                    1.1005616
0.97                                    1.5148495
0.98                                    1.6582049
0.99                                    1.8280537
1.0                                     0.7535268


# Wetting Relative Permeability (fraction)
--------------------------------------------------
Wetting-sat (Sw)                        Value
--------------------------------------------------
0.01                                    0.0036812
0.02                                    0.0025585
0.03                                    0.0072504
0.04                                    0.0111404
0.05                                    0.0115099
0.06                                    0.0036
0.07                                    0.0172907
0.08                                    0.0032851
0.09                                    0.0016118
0.1                                     0.0083722
0.11                                    0.0289654
0.12                                    0.0011743
0.13                                    0.020032
0.14                                    0.0053803
0.15                                    0.0365888
0.16                                    0.0021938
0.17                                    0.0030808
0.18                                    0.0024749
0.19                                    0.0081156
0.2                                     0.0043491
0.21                                    0.0021476
0.22                                    0.0196937
0.23                                    0.020722
0.24                                    0.0106383
0.25                                    0.0017482
0.26                                    0.0170365
0.27                                    0.007883
0.28                                    0.0749641
0.29                                    0.0339436
0.3                                     0.0216464
0.31                                    0.0102522
0.32                                    0.0312232
0.33                                    0.0156392
0.34                                    0.0270593
0.35                                    0.021882
0.36                                    0.0186008
0.37                                    0.0421705
0.38                                    0.0309754
0.39                                    0.0278436
0.4                                     0.0466502
0.41                                    0.0187475
0.42                                    0.0477257
0.43                                    0.031893
0.44                                    0.0113737
0.45                                    0.0210949
0.46                                    0.0264049
0.47                                    0.021924
0.48                                    0.0147331
0.49                                    0.0146136
0.5                                     0.005749
0.51                                    0.0147053
0.52                                    0.0084681
0.53                                    0.0150848
0.54                                    0.0337
0.55                                    0.0137541
0.56                                    0.0047786
0.57                                    0.0182432
0.58                                    0.0141826
0.59                                    0.0243772
0.6                                     0.0140626
0.61                                    0.0120112
0.62                                    0.0091125
0.63                                    0.00779
0.64                                    0.0143472
0.65                                    0.0076513
0.66                                    0.0098514
0.67                                    0.0147006
0.68                                    0.0122383
0.69                                    0.0144966
0.7                                     0.0107004
0.71                                    0.0083133
0.72                                    0.0150546
0.73                                    0.0145415
0.74                                    0.0115251
0.75                                    0.0149052
0.76                                    0.021107
0.77                                    0.008154
0.78                                    0.0139522
0.79                                    0.0159781
0.8                                     0.0048197
0.81                                    0.0231535
0.82                                    0.0157033
0.83                                    0.0249501
0.84                                    0.0206636
0.85                                    0.0714754
0.86                                    0.0510693
0.87                                    0.0246198
0.88                                    0.0270233
0.89                                    0.054139
0.9                                     0.073666
0.91                                    0.0452509
0.92                                    0.1170988
0.93                                    0.0911986
0.94                                    0.0489489
0.95                                    0.122797
0.96                                    0.0874825
0.97                                    0.1319774
0.98                                    0.1514682
0.99                                    0.1619334
1.0                                     0.9862326


# Non-Wetting Relative Permeability (fraction)
--------------------------------------------------
Wetting-sat (Sw)                        Value
--------------------------------------------------
0.01                                    0.9970407
0.02                                    0.8617494
0.03                                    0.6304045
0.04                                    0.8315939
0.05                                    0.9266589
0.06                                    0.9124324
0.07                                    0.9438971
0.08                                    0.9373965
0.09                                    0.9705874
0.1                                     0.9826425
0.11                                    0.9692918
0.12                                    0.9571728
0.13                                    0.9497867
0.14                                    0.9361618
0.15                                    0.9748009
0.16                                    0.9556674
0.17                                    0.9786972
0.18                                    0.985287
0.19                                    0.9564274
0.2                                     0.958659
0.21                                    0.9128741
0.22                                    0.9488769
0.23                                    0.9607975
0.24                                    0.9369141
0.25                                    0.9433065
0.26                                    0.9323266
0.27                                    0.957968
0.28                                    0.9479318
0.29                                    0.8823742
0.3                                     0.9375693
0.31                                    0.9683156
0.32                                    0.914703
0.33                                    0.9553578
0.34                                    0.8893059
0.35                                    0.9038137
0.36                                    0.8678669
0.37                                    0.8150327
0.38                                    0.8722909
0.39                                    0.8836585
0.4                                     0.8917825
0.41                                    0.8339363
0.42                                    0.9365571
0.43                                    0.9383832
0.44                                    0.8985407
0.45                                    0.8227357
0.46                                    0.8694217
0.47                                    0.7779114
0.48                                    0.9043828
0.49                                    0.8204547
0.5                                     0.8387637
0.51                                    0.6973723
0.52                                    0.8029733
0.53                                    0.8569046
0.54                                    0.8655366
0.55                                    0.8744377
0.56                                    0.8097237
0.57                                    0.903711
0.58                                    0.8938199
0.59                                    0.8728223
0.6                                     0.8256686
0.61                                    0.9078216
0.62                                    0.9042569
0.63                                    0.8842386
0.64                                    0.8923012
0.65                                    0.8710569
0.66                                    0.8130653
0.67                                    0.6333947
0.68                                    0.8058934
0.69                                    0.7171066
0.7                                     0.8220316
0.71                                    0.7694029
0.72                                    0.6435217
0.73                                    0.7759358
0.74                                    0.598161
0.75                                    0.657866
0.76                                    0.6345083
0.77                                    0.6911232
0.78                                    0.7747023
0.79                                    0.4403078
0.8                                     0.8587202
0.81                                    0.6270012
0.82                                    0.7947764
0.83                                    0.8884536
0.84                                    0.7686713
0.85                                    0.8540232
0.86                                    0.9099469
0.87                                    0.8749472
0.88                                    0.7777092
0.89                                    0.7234402
0.9                                     0.77266
0.91                                    0.8247244
0.92                                    0.7937708
0.93                                    0.7536111
0.94                                    0.7831575
0.95                                    0.6296045
0.96                                    0.8812585
0.97                                    0.6111145
0.98                                    0.5068167
0.99                                    0.2322999
1.0                                     0.0049359


# Two-point Correlation Function (1/um)
--------------------------------------------------
lag (px)                                Value
--------------------------------------------------
0.5                                     0.5411055
1.0                                     0.5411228
1.5                                     0.5410265
2.0                                     0.5409971
2.5                                     0.5409701
3.0                                     0.5409368
3.5                                     0.5409321
4.0                                     0.5409338
4.5                                     0.5406673
5.0                                     0.5404747
5.5                                     0.5408307
6.0                                     0.5403854
6.5                                     0.5403893
7.0                                     0.5406816
7.5                                     0.5407484
8.0                                     0.5400991
8.5                                     0.5400773
9.0                                     0.5402922
9.5                                     0.5400265
10.0                                    0.5407688
10.5                                    0.5402878
11.0                                    0.5398337
11.5                                    0.5398954
12.0                                    0.540596
12.5                                    0.5405072
13.0                                    0.5407359
13.5                                    0.5391876
14.0                                    0.5399211
14.5                                    0.5406138
15.0                                    0.5404309
15.5                                    0.5405637
16.0                                    0.5403811
16.5                                    0.5399073
17.0                                    0.5399505
17.5                                    0.53889
18.0                                    0.5397524
18.5                                    0.5397472
19.0                                    0.5397934
19.5                                    0.5399956
20.0                                    0.5398717
20.5                                    0.5391185
21.0                                    0.5405391
21.5                                    0.5396308
22.0                                    0.5398515
22.5                                    0.5390792
23.0                                    0.5392326
23.5                                    0.5393908
24.0                                    0.539762
24.5                                    0.5396848
25.0                                    0.5391518
25.5                                    0.5395511
26.0                                    0.5400985
26.5                                    0.538891
27.0                                    0.5397353
27.5                                    0.538967
28.0                                    0.5384578
28.5                                    0.5398273
29.0                                    0.5382768
29.5                                    0.5404697
30.0                                    0.540442
30.5                                    0.5394847
31.0                                    0.5391183
31.5                                    0.5396024
32.0                                    0.5361905
32.5                                    0.5399452
33.0                                    0.5368488
33.5                                    0.5398087
34.0                                    0.5390029
34.5                                    0.5383357
35.0                                    0.5393747
35.5                                    0.5389576
36.0                                    0.5379773
36.5                                    0.5381535
37.0                                    0.5388731
37.5                                    0.5387877
38.0                                    0.538585
38.5                                    0.5382353
39.0                                    0.5386066
39.5                                    0.5382112
40.0                                    0.5395643
40.5                                    0.5390783
41.0                                    0.5345525
41.5                                    0.5379371
42.0                                    0.5360166
42.5                                    0.537545
43.0                                    0.5382648
43.5                                    0.5381671
44.0                                    0.5360819
44.5                                    0.5368929
45.0                                    0.538792
45.5                                    0.5396616
46.0                                    0.535972
46.5                                    0.5390602
47.0                                    0.5371738
47.5                                    0.539075
48.0                                    0.5373323
48.5                                    0.5339867
49.0                                    0.5373348
49.5                                    0.5349264
50.0                                    0.5337159


# Pore Radius Distribution (um)
--------------------------------------------------
Cumulative probability                  Value
--------------------------------------------------
0.01                                    3.9218293
0.02                                    9.0707285
0.03                                    5.8108829
0.04                                    19.3091876
0.05                                    9.9600691
0.06                                    4.0086341
0.07                                    19.4341119
0.08                                    16.5739457
0.09                                    9.0597516
0.1                                     14.7716043
0.11                                    19.3177379
0.12                                    15.0296886
0.13                                    16.3751457
0.14                                    20.358895
0.15                                    17.6067801
0.16                                    11.7759507
0.17                                    13.339701
0.18                                    26.3391456
0.19                                    24.3126981
0.2                                     19.5249488
0.21                                    23.3213749
0.22                                    13.1269912
0.23                                    10.366481
0.24                                    23.1014028
0.25                                    11.0984649
0.26                                    14.0657117
0.27                                    14.1406103
0.28                                    20.5359322
0.29                                    10.493953
0.3                                     19.4480034
0.31                                    19.4989823
0.32                                    9.283886
0.33                                    19.3875513
0.34                                    21.1144611
0.35                                    14.8032698
0.36                                    11.5334202
0.37                                    15.3432572
0.38                                    29.2303773
0.39                                    15.6841785
0.4                                     25.505636
0.41                                    12.4241416
0.42                                    14.7532954
0.43                                    13.4128419
0.44                                    16.133884
0.45                                    14.9865774
0.46                                    24.2140871
0.47                                    14.5830674
0.48                                    15.3249382
0.49                                    18.1691607
0.5                                     25.1047608
0.51                                    15.3027707
0.52                                    22.3803554
0.53                                    23.4627595
0.54                                    21.3291452
0.55                                    18.62209
0.56                                    23.0849903
0.57                                    23.7850527
0.58                                    25.3290301
0.59                                    16.545304
0.6                                     20.4945825
0.61                                    12.8841185
0.62                                    11.666127
0.63                                    36.7450971
0.64                                    26.0376832
0.65                                    23.3446846
0.66                                    22.5055807
0.67                                    34.9123415
0.68                                    30.8730556
0.69                                    38.488291
0.7                                     22.1716858
0.71                                    33.2755604
0.72                                    16.5652046
0.73                                    22.9981331
0.74                                    39.3617282
0.75                                    17.5185267
0.76                                    30.4567219
0.77                                    23.4427305
0.78                                    24.7172412
0.79                                    19.1012299
0.8                                     22.9587614
0.81                                    31.9866921
0.82                                    35.8037381
0.83                                    34.594362
0.84                                    28.4237553
0.85                                    32.9661091
0.86                                    39.1178098
0.87                                    44.0911319
0.88                                    24.1648183
0.89                                    36.2731093
0.9                                     43.4181974
0.91                                    32.0855674
0.92                                    46.9443606
0.93                                    26.7411878
0.94                                    40.4174594
0.95                                    48.2544394
0.96                                    41.3381876
0.97                                    49.1285042
0.98                                    45.0913118
0.99                                    53.1053932
1.0                                     58.2525213


# Throat Radius Distribution (um)
--------------------------------------------------
Cumulative probability                  Value
--------------------------------------------------
0.01                                    3.2211753
0.02                                    6.2882671
0.03                                    3.7422478
0.04                                    6.8601828
0.05                                    2.5200352
0.06                                    6.2468335
0.07                                    4.7547171
0.08                                    3.4539231
0.09                                    4.0011281
0.1                                     11.4469072
0.11                                    5.2396056
0.12                                    3.2773124
0.13                                    11.8230513
0.14                                    8.8909586
0.15                                    5.8695186
0.16                                    9.8934083
0.17                                    23.7772384
0.18                                    9.4611503
0.19                                    27.5221609
0.2                                     16.4741984
0.21                                    12.8561494
0.22                                    10.906193
0.23                                    12.9855283
0.24                                    17.323772
0.25                                    7.4448873
0.26                                    14.813256
0.27                                    13.5464342
0.28                                    14.1861913
0.29                                    10.6088132
0.3                                     22.912758
0.31                                    7.0947225
0.32                                    17.1078405
0.33                                    23.4711361
0.34                                    7.9098045
0.35                                    12.6146813
0.36                                    18.9081289
0.37                                    13.8551879
0.38                                    12.3906048
0.39                                    11.4150693
0.4                                     10.7418092
0.41                                    23.6710153
0.42                                    14.1505387
0.43                                    26.0403415
0.44                                    22.8735294
0.45                                    20.3411511
0.46                                    20.6458122
0.47                                    15.9119879
0.48                                    27.7686566
0.49                                    28.1665394
0.5                                     23.4222716
0.51                                    33.0678678
0.52                                    30.4320759
0.53                                    25.119854
0.54                                    34.5034842
0.55                                    20.467172
0.56                                    22.6928621
0.57                                    29.9411528
0.58                                    21.5128868
0.59                                    24.1026612
0.6                                     26.131729
0.61                                    25.7623158
0.62                                    33.8999908
0.63                                    18.1441609
0.64                                    25.6416276
0.65                                    24.0843478
0.66                                    19.2718706
0.67                                    39.5769409
0.68                                    37.7953645
0.69                                    39.6875177
0.7                                     39.1237172
0.71                                    22.363707
0.72                                    42.943445
0.73                                    31.7135537
0.74                                    27.5394448
0.75                                    34.1694326
0.76                                    24.3380292
0.77                                    30.680799
0.78                                    32.220924
0.79                                    36.5893211
0.8                                     26.6467718
0.81                                    26.2368216
0.82                                    27.1463237
0.83                                    41.1912705
0.84                                    45.2651702
0.85                                    43.060779
0.86                                    39.3480679
0.87                                    39.7892187
0.88                                    40.1759158
0.89                                    43.3165868
0.9                                     43.1422199
0.91                                    43.4444326
0.92                                    46.7704878
0.93                                    47.3119094
0.94                                    45.807131
0.95                                    53.4295685
0.96                                    55.1115628
0.97                                    47.8185049
0.98                                    57.2025282
0.99                                    43.4376905
1.0                                     60.9903087


# Throat Lenght Distribution (um)
--------------------------------------------------
Cumulative probability                  Value
--------------------------------------------------
0.01                                    14.110846
0.02                                    17.4209929
0.03                                    27.4139672
0.04                                    32.535574
0.05                                    12.7076692
0.06                                    22.1625731
0.07                                    28.7737411
0.08                                    49.8658227
0.09                                    19.5535503
0.1                                     24.899907
0.11                                    46.0847857
0.12                                    27.9792671
0.13                                    21.9258549
0.14                                    31.4403845
0.15                                    28.2538594
0.16                                    33.1920293
0.17                                    35.2635273
0.18                                    15.4233011
0.19                                    32.3579587
0.2                                     35.1979402
0.21                                    37.9343652
0.22                                    22.4147483
0.23                                    25.4758214
0.24                                    50.0741074
0.25                                    51.0812842
0.26                                    44.9767728
0.27                                    42.4503178
0.28                                    26.7607125
0.29                                    43.5042958
0.3                                     37.9395616
0.31                                    41.6966949
0.32                                    29.5227555
0.33                                    46.7253328
0.34                                    37.7192112
0.35                                    35.477936
0.36                                    47.4343696
0.37                                    71.1265137
0.38                                    40.3824428
0.39                                    30.7130628
0.4                                     43.8685239
0.41                                    52.7030507
0.42                                    46.4504299
0.43                                    48.5865172
0.44                                    46.6025225
0.45                                    49.4128366
0.46                                    71.9284864
0.47                                    40.469913
0.48                                    78.8741323
0.49                                    58.1432355
0.5                                     70.3598107
0.51                                    43.044279
0.52                                    58.6143822
0.53                                    51.4360345
0.54                                    50.7651699
0.55                                    52.5474675
0.56                                    41.7284037
0.57                                    68.4174457
0.58                                    44.8622893
0.59                                    67.876919
0.6                                     33.2476541
0.61                                    59.3647795
0.62                                    57.5640314
0.63                                    59.7097539
0.64                                    43.5381908
0.65                                    57.8709412
0.66                                    74.1900671
0.67                                    78.7248801
0.68                                    82.7253566
0.69                                    57.6161657
0.7                                     80.445872
0.71                                    76.4005527
0.72                                    53.0044658
0.73                                    62.5842928
0.74                                    85.7217618
0.75                                    81.9946479
0.76                                    78.7127316
0.77                                    93.5633347
0.78                                    82.002043
0.79                                    69.4709724
0.8                                     70.1665647
0.81                                    54.2448745
0.82                                    68.942263
0.83                                    76.2679872
0.84                                    90.8941531
0.85                                    90.934052
0.86                                    109.6257433
0.87                                    78.8415706
0.88                                    107.6631969
0.89                                    89.3608216
0.9                                     85.2258584
0.91                                    93.0294123
0.92                                    95.9985061
0.93                                    93.3431458
0.94                                    87.9727425
0.95                                    99.4754696
0.96                                    99.2203919
0.97                                    106.003635
0.98                                    117.2581661
0.99                                    114.0548633
1.0                                     132.0709076


# Pore Inscribed Radius Distribution (um)
--------------------------------------------------
Cumulative probability                  Value
--------------------------------------------------
0.01                                    7.7507339
0.02                                    22.8980511
0.03                                    31.3737093
0.04                                    45.2729809
0.05                                    50.2194879
0.06                                    45.4386894
0.07                                    34.9248175
0.08                                    33.4725138
0.09                                    28.0453137
0.1                                     31.5314054
0.11                                    38.657176
0.12                                    22.4688408
0.13                                    34.2929957
0.14                                    31.9001893
0.15                                    29.6882155
0.16                                    31.5054851
0.17                                    17.8334065
0.18                                    35.0729604
0.19                                    26.1076088
0.2                                     24.4785712
0.21                                    21.3696404
0.22                                    34.4699659
0.23                                    29.7169812
0.24                                    28.3822057
0.25                                    15.2945313
0.26                                    26.3710251
0.27                                    28.3684238
0.28                                    19.9310639
0.29                                    28.7712002
0.3                                     23.9704324
0.31                                    19.6708731
0.32                                    23.3715211
0.33                                    36.1330218
0.34                                    34.2175974
0.35                                    28.3234827
0.36                                    26.6606562
0.37                                    21.0724062
0.38                                    28.0728519
0.39                                    23.0537201
0.4                                     25.3355709
0.41                                    29.9242032
0.42                                    21.5807676
0.43                                    33.6392461
0.44                                    37.4202196
0.45                                    28.171599
0.46                                    11.992698
0.47                                    20.5798811
0.48                                    33.4524693
0.49                                    30.4116075
0.5                                     26.0325102
0.51                                    29.0438632
0.52                                    25.6909495
0.53                                    24.6536428
0.54                                    18.6813631
0.55                                    26.1636251
0.56                                    28.9484101
0.57                                    37.9570643
0.58                                    27.458332
0.59                                    28.540994
0.6                                     29.1424716
0.61                                    30.736498
0.62                                    28.9009986
0.63                                    35.3268903
0.64                                    32.9646027
0.65                                    27.4427473
0.66                                    32.8578022
0.67                                    29.348502
0.68                                    16.0336852
0.69                                    31.7160319
0.7                                     23.7420564
0.71                                    40.0373719
0.72                                    36.0179179
0.73                                    39.7940566
0.74                                    45.4565836
0.75                                    30.1957123
0.76                                    32.8256158
0.77                                    30.0812863
0.78                                    33.3224466
0.79                                    40.8444964
0.8                                     43.0642805
0.81                                    41.4766674
0.82                                    36.8117295
0.83                                    42.5485111
0.84                                    39.0391288
0.85                                    25.0442226
0.86                                    40.3477032
0.87                                    47.5665438
0.88                                    45.1632528
0.89                                    38.2786951
0.9                                     43.72117
0.91                                    38.3520937
0.92                                    41.7096385
0.93                                    47.9643364
0.94                                    42.6949317
0.95                                    49.3869499
0.96                                    49.9425413
0.97                                    51.774223
0.98                                    51.7399993
0.99                                    53.0208386
1.0                                     56.2104357


# Throat Inscribed Radius Distribution (um)
--------------------------------------------------
Cumulative probability                  Value
--------------------------------------------------
0.01                                    1.1517865
0.02                                    6.0114454
0.03                                    4.5435973
0.04                                    11.043311
0.05                                    9.1864819
0.06                                    23.7072614
0.07                                    6.7082454
0.08                                    23.9694422
0.09                                    23.403042
0.1                                     10.9215879
0.11                                    16.9673545
0.12                                    19.094555
0.13                                    15.9970504
0.14                                    28.2163684
0.15                                    28.907521
0.16                                    26.2554207
0.17                                    16.588669
0.18                                    15.7821233
0.19                                    14.533508
0.2                                     22.6612291
0.21                                    15.3057203
0.22                                    21.3079679
0.23                                    6.034429
0.24                                    21.5062821
0.25                                    23.7035267
0.26                                    20.3633403
0.27                                    28.2431389
0.28                                    23.5827505
0.29                                    17.4947201
0.3                                     24.1972137
0.31                                    20.1700839
0.32                                    28.5112668
0.33                                    30.0949279
0.34                                    32.2591188
0.35                                    16.1095602
0.36                                    27.9629787
0.37                                    22.5640973
0.38                                    21.3092883
0.39                                    23.2731343
0.4                                     22.0651899
0.41                                    20.2000591
0.42                                    20.4794669
0.43                                    18.4282385
0.44                                    31.4408052
0.45                                    20.7597721
0.46                                    32.6217107
0.47                                    24.6532474
0.48                                    28.0554473
0.49                                    30.5048575
0.5                                     30.3231793
0.51                                    38.9379083
0.52                                    27.3804997
0.53                                    26.0490217
0.54                                    25.7313004
0.55                                    33.8919451
0.56                                    28.4350709
0.57                                    30.8692495
0.58                                    29.6265881
0.59                                    30.7928341
0.6                                     28.8051945
0.61                                    30.8942523
0.62                                    31.5130101
0.63                                    28.0373337
0.64                                    33.4810558
0.65                                    36.1905605
0.66                                    28.8979883
0.67                                    34.5116627
0.68                                    27.5376034
0.69                                    28.881759
0.7                                     20.8268583
0.71                                    31.8005339
0.72                                    37.5455339
0.73                                    36.9878054
0.74                                    36.7171317
0.75                                    26.3005596
0.76                                    31.5677169
0.77                                    29.1342215
0.78                                    30.6513387
0.79                                    34.2984694
0.8                                     28.5028647
0.81                                    35.6890273
0.82                                    20.7056062
0.83                                    33.6747392
0.84                                    22.213527
0.85                                    33.9845167
0.86                                    34.3436137
0.87                                    38.328046
0.88                                    36.5050365
0.89                                    35.9226957
0.9                                     38.1927268
0.91                                    39.6331033
0.92                                    34.1150831
0.93                                    37.7801891
0.94                                    40.1458663
0.95                                    32.7778764
0.96                                    41.3524171
0.97                                    41.3694706
0.98                                    41.9938488
0.99                                    44.5232071
1.0                                     45.6560862


# Throat Average Distance (um)
--------------------------------------------------
Cumulative probability                  Value
--------------------------------------------------
0.01                                    1.442368
0.02                                    1.5812096
0.03                                    2.1252625
0.04                                    5.9205851
0.05                                    1.8318618
0.06                                    4.4129105
0.07                                    5.0754139
0.08                                    4.93175
0.09                                    9.4135393
0.1                                     4.6242772
0.11                                    4.2309307
0.12                                    15.3805043
0.13                                    5.1297888
0.14                                    7.2890171
0.15                                    8.2363867
0.16                                    7.3110996
0.17                                    9.8408351
0.18                                    11.7559548
0.19                                    3.393353
0.2                                     7.1958718
0.21                                    7.4417857
0.22                                    15.691673
0.23                                    17.226748
0.24                                    15.2087151
0.25                                    11.7873708
0.26                                    16.1842825
0.27                                    13.2976561
0.28                                    15.3626505
0.29                                    10.5629127
0.3                                     21.7254302
0.31                                    15.224102
0.32                                    11.5781195
0.33                                    21.8599504
0.34                                    15.3371682
0.35                                    10.1190747
0.36                                    11.5996889
0.37                                    19.7282101
0.38                                    12.6502519
0.39                                    19.1385121
0.4                                     18.723896
0.41                                    14.3820905
0.42                                    17.8088711
0.43                                    15.3206008
0.44                                    14.1855682
0.45                                    13.6512333
0.46                                    14.5844794
0.47                                    15.2598758
0.48                                    20.4399332
0.49                                    16.0137052
0.5                                     24.974045
0.51                                    14.7313572
0.52                                    12.3153721
0.53                                    22.1497103
0.54                                    22.0910104
0.55                                    12.8345057
0.56                                    13.7399044
0.57                                    16.5786817
0.58                                    18.5592431
0.59                                    21.1428233
0.6                                     22.2028951
0.61                                    18.5516
0.62                                    16.77114
0.63                                    19.2117112
0.64                                    19.8526402
0.65                                    23.2494371
0.66                                    17.9552851
0.67                                    21.2109292
0.68                                    26.8203842
0.69                                    19.6597076
0.7                                     26.8561443
0.71                                    15.9250803
0.72                                    21.6833533
0.73                                    13.1217694
0.74                                    13.1078357
0.75                                    25.4927222
0.76                                    21.2134496
0.77                                    25.2716935
0.78                                    20.670074
0.79                                    21.4980511
0.8                                     16.0932662
0.81                                    22.735337
0.82                                    16.1403987
0.83                                    22.3703339
0.84                                    27.9246839
0.85                                    18.7146979
0.86                                    24.2403222
0.87                                    19.7224977
0.88                                    17.5692321
0.89                                    25.0427091
0.9                                     23.5790095
0.91                                    27.9586644
0.92                                    25.9074369
0.93                                    26.7640158
0.94                                    26.0151936
0.95                                    27.6866251
0.96                                    29.7496342
0.97                                    28.8987235
0.98                                    31.0759929
0.99                                    31.8234531
1.0                                     34.1608792


# Throat Permeability Distribution (um2)
--------------------------------------------------
Cumulative probability                  Value
--------------------------------------------------
0.01                                    1.5595273
0.02                                    10.4540572
0.03                                    31.6627459
0.04                                    37.694128
0.05                                    18.5310912
0.06                                    50.226059
0.07                                    13.7458571
0.08                                    62.2159457
0.09                                    22.927231
0.1                                     23.1689112
0.11                                    33.0968812
0.12                                    8.8815938
0.13                                    41.7294627
0.14                                    3.9605038
0.15                                    20.9285699
0.16                                    20.804388
0.17                                    7.8945054
0.18                                    2.7301425
0.19                                    7.3052991
0.2                                     15.9450498
0.21                                    2.7396583
0.22                                    2.7223835
0.23                                    14.1054149
0.24                                    75.1366012
0.25                                    6.1760413
0.26                                    12.9816508
0.27                                    36.8292573
0.28                                    28.9391407
0.29                                    3.5236758
0.3                                     50.1849571
0.31                                    2.6125314
0.32                                    33.3973064
0.33                                    153.5455721
0.34                                    14.6814483
0.35                                    1.4675333
0.36                                    24.9289253
0.37                                    45.1023856
0.38                                    21.0263385
0.39                                    10.1751682
0.4                                     7.6656196
0.41                                    38.9295787
0.42                                    68.7517905
0.43                                    32.0512454
0.44                                    23.3847455
0.45                                    67.10804
0.46                                    65.6239137
0.47                                    20.8800818
0.48                                    123.2415881
0.49                                    201.3058618
0.5                                     14.2453962
0.51                                    64.0139322
0.52                                    50.2460651
0.53                                    25.1964063
0.54                                    29.3200564
0.55                                    69.6465047
0.56                                    31.2864886
0.57                                    16.7916425
0.58                                    39.6807495
0.59                                    32.1828295
0.6                                     86.9013032
0.61                                    22.9705592
0.62                                    5.1922349
0.63                                    37.892832
0.64                                    106.7072007
0.65                                    112.62632
0.66                                    33.9262084
0.67                                    194.7904635
0.68                                    8.4574327
0.69                                    94.7090937
0.7                                     453.5401315
0.71                                    93.7879404
0.72                                    85.8795956
0.73                                    93.4985196
0.74                                    107.6614348
0.75                                    184.8779634
0.76                                    78.2336539
0.77                                    222.6965879
0.78                                    61.165253
0.79                                    128.26843
0.8                                     82.6834674
0.81                                    155.2155622
0.82                                    744.6911955
0.83                                    110.0490455
0.84                                    269.8071677
0.85                                    457.7385817
0.86                                    443.265497
0.87                                    311.8238437
0.88                                    169.9851854
0.89                                    122.0753276
0.9                                     180.1454996
0.91                                    928.3726445
0.92                                    736.4292163
0.93                                    264.6611831
0.94                                    593.7167339
0.95                                    657.0216077
0.96                                    705.5845318
0.97                                    1166.3228502
0.98                                    1357.3949747
0.99                                    1296.5896144
1.0                                     1662.1976629


# Coordination Number Distribution
--------------------------------------------------
Cumulative probability                  Value
--------------------------------------------------
0.01                                    0.5439774
0.02                                    5.4910401
0.03                                    13.2339708
0.04                                    13.4550886
0.05                                    30.5543404
0.06                                    20.7693081
0.07                                    15.8880078
0.08                                    31.2215196
0.09                                    28.3239393
0.1                                     9.840034
0.11                                    7.1012677
0.12                                    10.8541893
0.13                                    18.7552167
0.14                                    4.8690832
0.15                                    12.27176
0.16                                    8.991922
0.17                                    3.8279622
0.18                                    5.8411674
0.19                                    6.0831644
0.2                                     4.0683078
0.21                                    12.7851051
0.22                                    11.7221235
0.23                                    5.3351696
0.24                                    10.7716075
0.25                                    5.2151276
0.26                                    2.6585205
0.27                                    9.5903018
0.28                                    2.9777363
0.29                                    13.5282312
0.3                                     22.8562123
0.31                                    5.1688129
0.32                                    8.8260314
0.33                                    10.7201889
0.34                                    12.972297
0.35                                    5.1334451
0.36                                    8.1716705
0.37                                    8.315231
0.38                                    3.8576182
0.39                                    8.5908661
0.4                                     12.9442716
0.41                                    5.7592858
0.42                                    13.141802
0.43                                    19.0606807
0.44                                    7.6593695
0.45                                    11.0758387
0.46                                    8.0795982
0.47                                    10.1208218
0.48                                    11.4692571
0.49                                    9.0471327
0.5                                     11.0969689
0.51                                    15.1813663
0.52                                    6.8470902
0.53                                    10.1315739
0.54                                    6.5603469
0.55                                    9.8995598
0.56                                    11.9593593
0.57                                    5.7530315
0.58                                    9.2004769
0.59                                    10.2079039
0.6                                     14.8814032
0.61                                    6.5325598
0.62                                    14.7486651
0.63                                    16.0496804
0.64                                    8.9861455
0.65                                    23.7433498
0.66                                    20.8266664
0.67                                    8.1473969
0.68                                    12.8418243
0.69                                    9.486189
0.7                                     21.6898254
0.71                                    19.4310836
0.72                                    22.0884198
0.73                                    13.4087543
0.74                                    9.3348927
0.75                                    21.5791021
0.76                                    20.6336118
0.77                                    7.1563819
0.78                                    12.9505998
0.79                                    15.4146481
0.8                                     22.117237
0.81                                    17.6630012
0.82                                    16.2813725
0.83                                    12.5597229
0.84                                    12.06503
0.85                                    21.9255289
0.86                                    11.5802492
0.87                                    31.2898675
0.88                                    26.4699357
0.89                                    22.1622614
0.9                                     14.1077578
0.91                                    32.2141922
0.92                                    30.829345
0.93                                    22.5062493
0.94                                    32.602508
0.95                                    32.7335001
0.96                                    35.5908532
0.97                                    37.1416923
0.98                                    55.7948881
0.99                                    30.7877688
1.0                                     67.5976579


# Pore Sphericity Distribution (ratio)
--------------------------------------------------
Cumulative probability                  Value
--------------------------------------------------
0.01                                    0.3789701
0.02                                    0.4217092
0.03                                    0.4254238
0.04                                    0.521087
0.05                                    0.4943411
0.06                                    0.4714936
0.07                                    0.5066959
0.08                                    0.5836516
0.09                                    0.5298516
0.1                                     0.5781542
0.11                                    0.5776548
0.12                                    0.6524419
0.13                                    0.5126846
0.14                                    0.5215724
0.15                                    0.6667652
0.16                                    0.6816034
0.17                                    0.6457936
0.18                                    0.7006047
0.19                                    0.7047476
0.2                                     0.6902518
0.21                                    0.7370141
0.22                                    0.6736644
0.23                                    0.8247013
0.24                                    0.7200237
0.25                                    0.6920622
0.26                                    0.7674175
0.27                                    0.7011802
0.28                                    0.7699815
0.29                                    0.8311259
0.3                                     0.9023844
0.31                                    0.7431429
0.32                                    0.8824238
0.33                                    0.7662935
0.34                                    0.8109777
0.35                                    0.8053202
0.36                                    0.7487368
0.37                                    0.7526723
0.38                                    0.6291856
0.39                                    0.6618842
0.4                                     0.8127496
0.41                                    0.8289039
0.42                                    0.8398735
0.43                                    0.8696767
0.44                                    0.7724109
0.45                                    0.7886085
0.46                                    0.7985514
0.47                                    0.8589557
0.48                                    0.8521173
0.49                                    0.8937931
0.5                                     0.8235974
0.51                                    0.8309105
0.52                                    0.7955332
0.53                                    0.8072428
0.54                                    0.7472512
0.55                                    0.8825276
0.56                                    0.9005432
0.57                                    0.9197421
0.58                                    0.9358824
0.59                                    0.8065042
0.6                                     0.8688581
0.61                                    0.8392669
0.62                                    0.9128426
0.63                                    0.7861205
0.64                                    0.8625941
0.65                                    0.9376098
0.66                                    0.8210206
0.67                                    0.8618271
0.68                                    0.866441
0.69                                    0.9179524
0.7                                     0.8990252
0.71                                    0.7916066
0.72                                    0.8933927
0.73                                    0.9086004
0.74                                    0.9287943
0.75                                    0.8847182
0.76                                    0.9092931
0.77                                    0.8486035
0.78                                    0.920715
0.79                                    0.9280721
0.8                                     0.9239984
0.81                                    0.9350625
0.82                                    0.9609565
0.83                                    0.9082605
0.84                                    0.8961732
0.85                                    0.9259384
0.86                                    0.9574608
0.87                                    0.9567635
0.88                                    0.9111491
0.89                                    0.955376
0.9                                     0.9762962
0.91                                    0.9705264
0.92                                    0.9668734
0.93                                    0.9721958
0.94                                    0.9903312
0.95                                    0.9864281
0.96                                    0.9936531
0.97                                    0.9957338
0.98                                    0.9994125
0.99                                    0.9984921
1.0                                     0.9978693


# Grain Sphericity Distribution (ratio)
--------------------------------------------------
Cumulative probability                  Value
--------------------------------------------------
0.01                                    0.6350318
0.02                                    0.5615174
0.03                                    0.6912312
0.04                                    0.6050997
0.05                                    0.6343888
0.06                                    0.7043237
0.07                                    0.7382865
0.08                                    0.7750067
0.09                                    0.6896843
0.1                                     0.7978019
0.11                                    0.7583195
0.12                                    0.762542
0.13                                    0.6994221
0.14                                    0.7495191
0.15                                    0.6352483
0.16                                    0.7159824
0.17                                    0.7571304
0.18                                    0.6904945
0.19                                    0.791424
0.2                                     0.6759964
0.21                                    0.7666629
0.22                                    0.6799734
0.23                                    0.6460461
0.24                                    0.5324505
0.25                                    0.7356387
0.26                                    0.7164668
0.27                                    0.7394737
0.28                                    0.6491555
0.29                                    0.7280123
0.3                                     0.6222972
0.31                                    0.5665134
0.32                                    0.6510463
0.33                                    0.5688256
0.34                                    0.6545935
0.35                                    0.6482914
0.36                                    0.543921
0.37                                    0.5501298
0.38                                    0.5989085
0.39                                    0.5349327
0.4                                     0.6769686
0.41                                    0.641624
0.42                                    0.5853323
0.43                                    0.5529005
0.44                                    0.7116729
0.45                                    0.6994825
0.46                                    0.6413197
0.47                                    0.5855711
0.48                                    0.7247542
0.49                                    0.655033
0.5                                     0.6246436
0.51                                    0.487821
0.52                                    0.644675
0.53                                    0.5879286
0.54                                    0.5671921
0.55                                    0.6164923
0.56                                    0.5550817
0.57                                    0.6188341
0.58                                    0.7148418
0.59                                    0.767247
0.6                                     0.6060556
0.61                                    0.5511737
0.62                                    0.4820875
0.63                                    0.5755408
0.64                                    0.6143865
0.65                                    0.6366474
0.66                                    0.564541
0.67                                    0.5603587
0.68                                    0.5304278
0.69                                    0.6051747
0.7                                     0.4932736
0.71                                    0.5845879
0.72                                    0.5487778
0.73                                    0.775403
0.74                                    0.5649404
0.75                                    0.4926762
0.76                                    0.4837872
0.77                                    0.5702069
0.78                                    0.5837353
0.79                                    0.5895896
0.8                                     0.6181661
0.81                                    0.4671563
0.82                                    0.5953967
0.83                                    0.4977402
0.84                                    0.511053
0.85                                    0.4867095
0.86                                    0.5576599
0.87                                    0.6796126
0.88                                    0.5101641
0.89                                    0.6307966
0.9                                     0.6803061
0.91                                    0.5842564
0.92                                    0.5000637
0.93                                    0.4586496
0.94                                    0.4636371
0.95                                    0.437633
0.96                                    0.6000713
0.97                                    0.6254371
0.98                                    0.6952831
0.99                                    0.6601876
1.0                                     0.9816953


# Grain Radius Distribution (um)
--------------------------------------------------
Cumulative probability                  Value
--------------------------------------------------
0.01                                    0.967494
0.02                                    0.9270481
0.03                                    1.7622198
0.04                                    0.9837558
0.05                                    1.6013633
0.06                                    1.6044424
0.07                                    1.5337292
0.08                                    1.3573792
0.09                                    1.446013
0.1                                     2.4287719
0.11                                    2.4926135
0.12                                    1.334615
0.13                                    2.3824929
0.14                                    1.5494778
0.15                                    1.3193631
0.16                                    2.4203933
0.17                                    4.9864399
0.18                                    1.8165462
0.19                                    2.8351383
0.2                                     2.0908644
0.21                                    2.2466373
0.22                                    3.5325436
0.23                                    8.2272625
0.24                                    2.484507
0.25                                    3.0651568
0.26                                    3.4078466
0.27                                    7.6957166
0.28                                    2.0400156
0.29                                    4.1824105
0.3                                     3.2284958
0.31                                    4.5834815
0.32                                    3.4343673
0.33                                    4.7300029
0.34                                    4.5272082
0.35                                    5.8222781
0.36                                    4.4213674
0.37                                    7.2921623
0.38                                    7.0442005
0.39                                    4.8721013
0.4                                     5.4756531
0.41                                    4.0244939
0.42                                    5.3727954
0.43                                    4.0569501
0.44                                    3.0334787
0.45                                    10.5771691
0.46                                    3.7558284
0.47                                    5.5223656
0.48                                    12.1253811
0.49                                    6.7876094
0.5                                     5.7573999
0.51                                    4.1575261
0.52                                    6.5314369
0.53                                    6.839572
0.54                                    7.0511907
0.55                                    6.1955868
0.56                                    7.8309956
0.57                                    6.4010037
0.58                                    7.4688042
0.59                                    11.2569171
0.6                                     5.3943751
0.61                                    7.8908108
0.62                                    6.0614324
0.63                                    7.570853
0.64                                    7.6138147
0.65                                    7.2683906
0.66                                    8.7983505
0.67                                    10.4566614
0.68                                    20.7147378
0.69                                    8.458446
0.7                                     8.355029
0.71                                    9.0272522
0.72                                    10.3816594
0.73                                    15.250486
0.74                                    14.6053639
0.75                                    7.9431694
0.76                                    7.7106758
0.77                                    8.5689324
0.78                                    6.7939552
0.79                                    7.4217893
0.8                                     5.9827653
0.81                                    20.058274
0.82                                    7.7005124
0.83                                    13.2390419
0.84                                    9.3836403
0.85                                    17.5295347
0.86                                    15.9038255
0.87                                    13.8133793
0.88                                    24.6318298
0.89                                    13.1281514
0.9                                     10.6206001
0.91                                    10.8336943
0.92                                    11.0656149
0.93                                    24.5276653
0.94                                    12.7049714
0.95                                    15.3153392
0.96                                    17.0152772
0.97                                    21.1557648
0.98                                    25.7084701
0.99                                    28.3136095
1.0                                     56.8350387
