DeePore output results including 15 single-value
paramters, 4 functions and 11 distributions
__________________________________________________
        ### Single-value parameters ###
__________________________________________________

Properties                              Value
--------------------------------------------------
Absolute Permeability (um2)             0.0088579
Formation Factor (ratio)                26.6739021
Cementation Factor (ratio)              2.0994173
pore density (1/um3)                    0.0019619
Tortuosity (ratio)                      1.4275898
Average Coordination Number             3.3713453
Average Throat Radius (um)              1.6167675
Average Pore Radius (um)                2.5348525
Average Throat Length (um)              7.4171238
Pore to Throat Aspect ratio             4.5963566
Specific Surface (1/um)                 0.0001902
Pore Sphericity (ratio)                 3.0878883
Grain Sphericity (ratio)                0.7955175
Average Grain Radius (um)               4.3209385
Relative Young Module (ratio)           0.2225069

__________________________________________________
       ### Functions and distributions ###
__________________________________________________


# Leveret J Function (ratio)
--------------------------------------------------
Wetting-sat (Sw)                        Value
--------------------------------------------------
0.01                                    1.4859599
0.02                                    1.293511
0.03                                    1.217136
0.04                                    1.2005762
0.05                                    1.2553378
0.06                                    1.154902
0.07                                    1.1516091
0.08                                    1.2148361
0.09                                    1.1714353
0.1                                     1.1824917
0.11                                    1.1489127
0.12                                    1.1759046
0.13                                    1.1193644
0.14                                    1.1502935
0.15                                    1.122727
0.16                                    1.1567513
0.17                                    1.2577886
0.18                                    1.1791453
0.19                                    1.1465361
0.2                                     1.1558702
0.21                                    1.1862508
0.22                                    1.1127416
0.23                                    1.1510511
0.24                                    1.1492022
0.25                                    1.0483127
0.26                                    1.0689751
0.27                                    1.1500214
0.28                                    1.3137582
0.29                                    1.116695
0.3                                     1.1329675
0.31                                    1.061792
0.32                                    1.1039082
0.33                                    1.129684
0.34                                    1.1197766
0.35                                    1.1792642
0.36                                    1.1193821
0.37                                    1.104552
0.38                                    1.0808251
0.39                                    1.099438
0.4                                     1.1222515
0.41                                    1.0899367
0.42                                    1.1032202
0.43                                    1.1185866
0.44                                    1.1689892
0.45                                    1.117144
0.46                                    1.0852574
0.47                                    1.1311074
0.48                                    1.1042654
0.49                                    1.1815054
0.5                                     1.063206
0.51                                    1.164344
0.52                                    1.0866359
0.53                                    1.0570354
0.54                                    1.1648294
0.55                                    1.0277412
0.56                                    1.1325765
0.57                                    1.0428887
0.58                                    1.1319401
0.59                                    1.1129654
0.6                                     1.0829115
0.61                                    1.0075837
0.62                                    1.0740083
0.63                                    0.9846058
0.64                                    1.1401286
0.65                                    1.0899015
0.66                                    1.0666968
0.67                                    0.9839656
0.68                                    1.1422813
0.69                                    1.1403537
0.7                                     1.0395836
0.71                                    1.134183
0.72                                    1.069892
0.73                                    0.9505407
0.74                                    1.017433
0.75                                    1.0232792
0.76                                    1.1505728
0.77                                    0.9834287
0.78                                    1.1533602
0.79                                    1.0430628
0.8                                     1.075976
0.81                                    1.0726143
0.82                                    1.054936
0.83                                    1.1008135
0.84                                    1.074051
0.85                                    1.1143322
0.86                                    0.9638255
0.87                                    1.0777265
0.88                                    1.0119778
0.89                                    1.0174397
0.9                                     0.9709665
0.91                                    1.0497548
0.92                                    1.0698218
0.93                                    0.9564086
0.94                                    0.9133543
0.95                                    0.9778441
0.96                                    0.8716662
0.97                                    0.8399812
0.98                                    0.8851262
0.99                                    0.8129134
1.0                                     0.5383606


# Wetting Relative Permeability (fraction)
--------------------------------------------------
Wetting-sat (Sw)                        Value
--------------------------------------------------
0.01                                    0.0194326
0.02                                    0.0190177
0.03                                    0.0207975
0.04                                    0.0185229
0.05                                    0.0195196
0.06                                    0.0213546
0.07                                    0.01431
0.08                                    0.0199983
0.09                                    0.0183751
0.1                                     0.0155122
0.11                                    0.0146447
0.12                                    0.0191452
0.13                                    0.0179593
0.14                                    0.018892
0.15                                    0.0150825
0.16                                    0.0205407
0.17                                    0.0189067
0.18                                    0.0225635
0.19                                    0.0180572
0.2                                     0.0222088
0.21                                    0.0230752
0.22                                    0.0170295
0.23                                    0.020092
0.24                                    0.0245339
0.25                                    0.0329156
0.26                                    0.0343301
0.27                                    0.0330679
0.28                                    0.032972
0.29                                    0.0443476
0.3                                     0.0471138
0.31                                    0.0456979
0.32                                    0.0544793
0.33                                    0.0583652
0.34                                    0.057048
0.35                                    0.0664402
0.36                                    0.0680745
0.37                                    0.0781919
0.38                                    0.0737892
0.39                                    0.0930767
0.4                                     0.0953589
0.41                                    0.1065708
0.42                                    0.1037453
0.43                                    0.1050572
0.44                                    0.1146756
0.45                                    0.1271194
0.46                                    0.129416
0.47                                    0.1219208
0.48                                    0.1301031
0.49                                    0.1579929
0.5                                     0.149624
0.51                                    0.1870857
0.52                                    0.1860663
0.53                                    0.1766051
0.54                                    0.1796444
0.55                                    0.2021307
0.56                                    0.2003753
0.57                                    0.2170286
0.58                                    0.2227188
0.59                                    0.2173797
0.6                                     0.223224
0.61                                    0.2502412
0.62                                    0.2551481
0.63                                    0.2632962
0.64                                    0.2826252
0.65                                    0.2857141
0.66                                    0.2896169
0.67                                    0.2966055
0.68                                    0.2822884
0.69                                    0.3191654
0.7                                     0.3058604
0.71                                    0.3554551
0.72                                    0.3600996
0.73                                    0.3272029
0.74                                    0.370086
0.75                                    0.382501
0.76                                    0.389849
0.77                                    0.4052722
0.78                                    0.4103531
0.79                                    0.4613699
0.8                                     0.4526518
0.81                                    0.4605698
0.82                                    0.4783363
0.83                                    0.4645689
0.84                                    0.4944364
0.85                                    0.5053338
0.86                                    0.5357512
0.87                                    0.527578
0.88                                    0.5505202
0.89                                    0.5589144
0.9                                     0.565437
0.91                                    0.5977625
0.92                                    0.5885586
0.93                                    0.6156594
0.94                                    0.6453858
0.95                                    0.6502208
0.96                                    0.6994848
0.97                                    0.6842319
0.98                                    0.7101409
0.99                                    0.7470909
1.0                                     0.9835588


# Non-Wetting Relative Permeability (fraction)
--------------------------------------------------
Wetting-sat (Sw)                        Value
--------------------------------------------------
0.01                                    0.9833831
0.02                                    0.9499766
0.03                                    0.9445828
0.04                                    0.9275311
0.05                                    0.9112527
0.06                                    0.8944563
0.07                                    0.879816
0.08                                    0.860503
0.09                                    0.8359348
0.1                                     0.8236709
0.11                                    0.7977883
0.12                                    0.7959813
0.13                                    0.7931522
0.14                                    0.7667859
0.15                                    0.75059
0.16                                    0.7477122
0.17                                    0.7202131
0.18                                    0.7098336
0.19                                    0.681398
0.2                                     0.6863594
0.21                                    0.7049317
0.22                                    0.6852321
0.23                                    0.6710281
0.24                                    0.6767286
0.25                                    0.6512388
0.26                                    0.6391971
0.27                                    0.6377952
0.28                                    0.6345836
0.29                                    0.6305072
0.3                                     0.6234542
0.31                                    0.6081245
0.32                                    0.6010503
0.33                                    0.5927711
0.34                                    0.5838215
0.35                                    0.5564978
0.36                                    0.5681834
0.37                                    0.5617562
0.38                                    0.5436046
0.39                                    0.5126319
0.4                                     0.5546858
0.41                                    0.5513489
0.42                                    0.5159063
0.43                                    0.5009954
0.44                                    0.4820299
0.45                                    0.4775373
0.46                                    0.4694685
0.47                                    0.4632292
0.48                                    0.4746275
0.49                                    0.4679391
0.5                                     0.4423414
0.51                                    0.4150219
0.52                                    0.424363
0.53                                    0.4371532
0.54                                    0.4351586
0.55                                    0.4109555
0.56                                    0.4314281
0.57                                    0.4064516
0.58                                    0.4086308
0.59                                    0.3995162
0.6                                     0.3898728
0.61                                    0.3949003
0.62                                    0.3912537
0.63                                    0.3865401
0.64                                    0.3512648
0.65                                    0.3442351
0.66                                    0.339491
0.67                                    0.3534505
0.68                                    0.3228885
0.69                                    0.3274504
0.7                                     0.3330537
0.71                                    0.3149676
0.72                                    0.3177802
0.73                                    0.3001549
0.74                                    0.289945
0.75                                    0.2894614
0.76                                    0.2696956
0.77                                    0.2607713
0.78                                    0.2600411
0.79                                    0.2458257
0.8                                     0.2506594
0.81                                    0.2468388
0.82                                    0.2274783
0.83                                    0.205796
0.84                                    0.2110327
0.85                                    0.1917553
0.86                                    0.1942088
0.87                                    0.1688448
0.88                                    0.1717646
0.89                                    0.1585556
0.9                                     0.151316
0.91                                    0.125245
0.92                                    0.1185143
0.93                                    0.1045444
0.94                                    0.0748976
0.95                                    0.0687969
0.96                                    0.0652244
0.97                                    0.0566992
0.98                                    0.0471626
0.99                                    0.0407099
1.0                                     0.01633


# Two-point Correlation Function (1/um)
--------------------------------------------------
lag (px)                                Value
--------------------------------------------------
0.5                                     0.2072617
1.0                                     0.2060055
1.5                                     0.2197947
2.0                                     0.2003587
2.5                                     0.1888908
3.0                                     0.1975113
3.5                                     0.1931383
4.0                                     0.1945895
4.5                                     0.193278
5.0                                     0.1959301
5.5                                     0.173337
6.0                                     0.1789667
6.5                                     0.1824349
7.0                                     0.1659158
7.5                                     0.1694501
8.0                                     0.1587097
8.5                                     0.1587378
9.0                                     0.1517286
9.5                                     0.1496461
10.0                                    0.1524036
10.5                                    0.1519223
11.0                                    0.142286
11.5                                    0.1363666
12.0                                    0.1381404
12.5                                    0.1376305
13.0                                    0.1312005
13.5                                    0.1359416
14.0                                    0.1323501
14.5                                    0.1275724
15.0                                    0.1240914
15.5                                    0.1193541
16.0                                    0.1218204
16.5                                    0.1247453
17.0                                    0.1151153
17.5                                    0.1161547
18.0                                    0.1113266
18.5                                    0.1076502
19.0                                    0.1139464
19.5                                    0.1060801
20.0                                    0.1171075
20.5                                    0.1054799
21.0                                    0.1081865
21.5                                    0.1034624
22.0                                    0.104774
22.5                                    0.1069447
23.0                                    0.1057303
23.5                                    0.1023096
24.0                                    0.0997194
24.5                                    0.0989709
25.0                                    0.105715
25.5                                    0.1017272
26.0                                    0.1063879
26.5                                    0.1005704
27.0                                    0.096875
27.5                                    0.1030415
28.0                                    0.1027343
28.5                                    0.0979146
29.0                                    0.0981255
29.5                                    0.0975938
30.0                                    0.0916345
30.5                                    0.0882488
31.0                                    0.099221
31.5                                    0.100876
32.0                                    0.0925446
32.5                                    0.1005501
33.0                                    0.1012203
33.5                                    0.101863
34.0                                    0.0909485
34.5                                    0.0985618
35.0                                    0.0927904
35.5                                    0.0967729
36.0                                    0.0938002
36.5                                    0.0966764
37.0                                    0.0906797
37.5                                    0.0968717
38.0                                    0.0974554
38.5                                    0.0972693
39.0                                    0.0961917
39.5                                    0.1017996
40.0                                    0.0978003
40.5                                    0.0970429
41.0                                    0.0971265
41.5                                    0.0961406
42.0                                    0.0888627
42.5                                    0.089775
43.0                                    0.1000447
43.5                                    0.0933746
44.0                                    0.0966424
44.5                                    0.0951448
45.0                                    0.0943302
45.5                                    0.0919459
46.0                                    0.0942812
46.5                                    0.0915493
47.0                                    0.1006662
47.5                                    0.0902972
48.0                                    0.0974462
48.5                                    0.0914112
49.0                                    0.0960156
49.5                                    0.0966696
50.0                                    0.0966129


# Pore Radius Distribution (um)
--------------------------------------------------
Cumulative probability                  Value
--------------------------------------------------
0.01                                    3.8872019
0.02                                    5.4733615
0.03                                    5.7373526
0.04                                    6.2340628
0.05                                    7.0058725
0.06                                    7.3902252
0.07                                    7.3091487
0.08                                    8.3444912
0.09                                    8.277981
0.1                                     8.5561397
0.11                                    8.789574
0.12                                    8.7944592
0.13                                    9.3121277
0.14                                    8.9373336
0.15                                    9.0475637
0.16                                    9.7403557
0.17                                    9.9326714
0.18                                    9.0630268
0.19                                    10.4793074
0.2                                     10.6440199
0.21                                    9.2750128
0.22                                    10.6892255
0.23                                    11.1096436
0.24                                    10.9235781
0.25                                    11.1459567
0.26                                    11.1928806
0.27                                    10.4946841
0.28                                    12.1906926
0.29                                    11.9752021
0.3                                     11.3848165
0.31                                    12.0245296
0.32                                    12.4454843
0.33                                    12.0816286
0.34                                    13.1896928
0.35                                    11.6859899
0.36                                    11.3636142
0.37                                    12.0274222
0.38                                    13.1688675
0.39                                    13.2298095
0.4                                     12.5805571
0.41                                    12.3636115
0.42                                    14.4037752
0.43                                    12.5267232
0.44                                    13.9268968
0.45                                    12.837502
0.46                                    13.1741463
0.47                                    14.2005633
0.48                                    14.205266
0.49                                    13.1585777
0.5                                     13.0112291
0.51                                    13.5686281
0.52                                    15.7893096
0.53                                    13.9646731
0.54                                    13.1568851
0.55                                    14.0041449
0.56                                    14.7019496
0.57                                    15.0123889
0.58                                    15.9904316
0.59                                    14.4155438
0.6                                     14.1715684
0.61                                    14.3995469
0.62                                    15.1879554
0.63                                    14.6515523
0.64                                    15.0920617
0.65                                    15.1197126
0.66                                    15.0799244
0.67                                    15.0314748
0.68                                    15.6262731
0.69                                    15.2962865
0.7                                     16.6127542
0.71                                    14.9969589
0.72                                    15.5794685
0.73                                    15.4848069
0.74                                    15.449758
0.75                                    15.606267
0.76                                    15.1114091
0.77                                    15.139004
0.78                                    17.0580543
0.79                                    16.4197229
0.8                                     17.2517279
0.81                                    16.0880665
0.82                                    18.398395
0.83                                    16.541183
0.84                                    16.8881694
0.85                                    16.9733898
0.86                                    17.2783365
0.87                                    17.4693863
0.88                                    18.4113562
0.89                                    18.30005
0.9                                     18.5124095
0.91                                    18.3554343
0.92                                    19.5534253
0.93                                    17.5008903
0.94                                    18.8432089
0.95                                    18.4205909
0.96                                    18.8223946
0.97                                    19.5154077
0.98                                    19.6175434
0.99                                    21.1519136
1.0                                     24.9926931


# Throat Radius Distribution (um)
--------------------------------------------------
Cumulative probability                  Value
--------------------------------------------------
0.01                                    2.2278847
0.02                                    3.8803666
0.03                                    3.4111647
0.04                                    4.1029556
0.05                                    5.8329114
0.06                                    4.6506259
0.07                                    5.3981893
0.08                                    5.1830523
0.09                                    6.0559697
0.1                                     6.0686009
0.11                                    6.4834865
0.12                                    6.4705783
0.13                                    6.9351496
0.14                                    7.2056803
0.15                                    7.3667122
0.16                                    6.9241118
0.17                                    7.4766827
0.18                                    8.9136978
0.19                                    7.4637192
0.2                                     8.6827097
0.21                                    8.2823655
0.22                                    8.1185432
0.23                                    8.1136588
0.24                                    7.8085434
0.25                                    8.1783712
0.26                                    8.6337413
0.27                                    9.401759
0.28                                    8.9382003
0.29                                    9.140757
0.3                                     9.6189165
0.31                                    9.0354323
0.32                                    9.9600285
0.33                                    9.2856351
0.34                                    10.0474216
0.35                                    9.3281636
0.36                                    8.8881556
0.37                                    9.3084464
0.38                                    9.2119808
0.39                                    10.313307
0.4                                     10.5798241
0.41                                    10.4480662
0.42                                    10.7416183
0.43                                    10.6236638
0.44                                    10.5222006
0.45                                    10.6607128
0.46                                    10.6563852
0.47                                    9.8602152
0.48                                    10.8091126
0.49                                    10.6337293
0.5                                     10.8019802
0.51                                    11.4171965
0.52                                    11.2682941
0.53                                    11.5834362
0.54                                    10.6243274
0.55                                    10.576555
0.56                                    12.11639
0.57                                    11.6738326
0.58                                    11.5718443
0.59                                    12.6934642
0.6                                     11.8525411
0.61                                    12.4943019
0.62                                    12.1523421
0.63                                    12.3762558
0.64                                    12.8749654
0.65                                    13.2394465
0.66                                    12.2083315
0.67                                    12.4998246
0.68                                    13.0220615
0.69                                    12.8702748
0.7                                     12.9537502
0.71                                    12.9712073
0.72                                    12.7859214
0.73                                    13.1365982
0.74                                    12.6356311
0.75                                    13.8209831
0.76                                    13.3006273
0.77                                    13.4277197
0.78                                    13.3559279
0.79                                    12.9754563
0.8                                     13.9150649
0.81                                    13.3631043
0.82                                    13.2337685
0.83                                    14.5396336
0.84                                    14.1124032
0.85                                    15.1013528
0.86                                    14.3797439
0.87                                    13.6153444
0.88                                    14.2139142
0.89                                    14.9999738
0.9                                     15.1291093
0.91                                    15.3003579
0.92                                    14.8680082
0.93                                    16.0327182
0.94                                    16.3064819
0.95                                    15.3163447
0.96                                    15.7909618
0.97                                    16.1167234
0.98                                    17.8629082
0.99                                    17.2627915
1.0                                     21.3932543


# Throat Lenght Distribution (um)
--------------------------------------------------
Cumulative probability                  Value
--------------------------------------------------
0.01                                    16.5807052
0.02                                    19.475119
0.03                                    21.8123527
0.04                                    22.7096296
0.05                                    24.8162275
0.06                                    26.7115739
0.07                                    25.7394411
0.08                                    27.4382414
0.09                                    27.7785845
0.1                                     24.0513132
0.11                                    26.6163546
0.12                                    26.4117405
0.13                                    29.5586565
0.14                                    27.7540556
0.15                                    26.7129238
0.16                                    30.1384445
0.17                                    29.8085088
0.18                                    28.0949824
0.19                                    31.0839221
0.2                                     30.7591167
0.21                                    28.752152
0.22                                    29.8849526
0.23                                    30.9381812
0.24                                    30.9272748
0.25                                    30.0500032
0.26                                    30.3982114
0.27                                    33.6523753
0.28                                    32.2732419
0.29                                    31.8125047
0.3                                     32.0858569
0.31                                    30.9639916
0.32                                    32.918675
0.33                                    32.4294255
0.34                                    34.172965
0.35                                    34.4485677
0.36                                    35.5937259
0.37                                    33.9243943
0.38                                    36.3587416
0.39                                    32.414273
0.4                                     34.5833298
0.41                                    35.7369845
0.42                                    35.0856325
0.43                                    37.0621099
0.44                                    35.1298873
0.45                                    34.3478682
0.46                                    36.135737
0.47                                    35.0757406
0.48                                    33.5655655
0.49                                    35.362583
0.5                                     37.5457116
0.51                                    36.1545416
0.52                                    39.8073213
0.53                                    35.4742426
0.54                                    36.4567952
0.55                                    33.6769684
0.56                                    37.7118823
0.57                                    38.0934678
0.58                                    36.9932517
0.59                                    33.9887951
0.6                                     36.3923654
0.61                                    36.1983243
0.62                                    37.9819614
0.63                                    35.2516521
0.64                                    38.3196524
0.65                                    38.6089522
0.66                                    35.3487326
0.67                                    41.8115511
0.68                                    39.4776051
0.69                                    38.0566206
0.7                                     40.9382731
0.71                                    40.8579827
0.72                                    40.2427802
0.73                                    36.9566736
0.74                                    37.0520483
0.75                                    43.5056373
0.76                                    39.3075216
0.77                                    39.8676913
0.78                                    41.4476791
0.79                                    41.0341198
0.8                                     41.561761
0.81                                    40.1455175
0.82                                    38.5503502
0.83                                    42.7353858
0.84                                    39.5329525
0.85                                    42.3454073
0.86                                    40.0015321
0.87                                    43.2861316
0.88                                    41.1786683
0.89                                    45.2055494
0.9                                     42.4401319
0.91                                    45.5455219
0.92                                    43.4435945
0.93                                    44.8123577
0.94                                    45.4507269
0.95                                    45.8998871
0.96                                    46.9344622
0.97                                    46.9703406
0.98                                    48.0636502
0.99                                    53.6396095
1.0                                     57.73715


# Pore Inscribed Radius Distribution (um)
--------------------------------------------------
Cumulative probability                  Value
--------------------------------------------------
0.01                                    3.3130219
0.02                                    3.3271047
0.03                                    4.0176129
0.04                                    4.3223202
0.05                                    4.6274772
0.06                                    4.754
0.07                                    5.503189
0.08                                    6.1781902
0.09                                    5.709632
0.1                                     5.9670545
0.11                                    6.1734162
0.12                                    7.0797213
0.13                                    7.0753693
0.14                                    7.7966543
0.15                                    6.8638069
0.16                                    7.7003682
0.17                                    7.829733
0.18                                    8.275575
0.19                                    8.6866548
0.2                                     7.8318795
0.21                                    8.4937549
0.22                                    7.9129014
0.23                                    8.301622
0.24                                    8.7242572
0.25                                    8.039833
0.26                                    8.0155134
0.27                                    9.5194967
0.28                                    8.4054367
0.29                                    9.6574838
0.3                                     8.8716742
0.31                                    8.8910185
0.32                                    8.3255135
0.33                                    9.8087957
0.34                                    9.4075977
0.35                                    9.5907681
0.36                                    9.9553797
0.37                                    9.2316453
0.38                                    10.3865418
0.39                                    10.4093085
0.4                                     10.053912
0.41                                    9.6706588
0.42                                    11.07077
0.43                                    9.919141
0.44                                    10.0751661
0.45                                    11.313397
0.46                                    10.4902393
0.47                                    9.688494
0.48                                    10.309143
0.49                                    11.3197838
0.5                                     12.4322183
0.51                                    11.6991121
0.52                                    11.6225625
0.53                                    11.2222437
0.54                                    11.9080864
0.55                                    11.3020008
0.56                                    12.0561325
0.57                                    11.7584874
0.58                                    11.239044
0.59                                    12.4854841
0.6                                     12.0708082
0.61                                    10.3937897
0.62                                    12.0277906
0.63                                    12.4109744
0.64                                    12.0422025
0.65                                    12.3763989
0.66                                    11.7860573
0.67                                    11.4042319
0.68                                    12.1228687
0.69                                    12.2549356
0.7                                     12.0403869
0.71                                    12.7734237
0.72                                    12.7197529
0.73                                    13.4192106
0.74                                    13.4556762
0.75                                    12.4063245
0.76                                    12.2702755
0.77                                    13.1307934
0.78                                    13.5776223
0.79                                    12.192191
0.8                                     12.8634668
0.81                                    13.7344418
0.82                                    13.5897307
0.83                                    12.8627785
0.84                                    12.9843797
0.85                                    13.0312964
0.86                                    13.4597612
0.87                                    13.5352262
0.88                                    13.4941672
0.89                                    13.9077098
0.9                                     13.8703822
0.91                                    14.2809458
0.92                                    14.2648715
0.93                                    13.7420108
0.94                                    13.833866
0.95                                    13.9290863
0.96                                    14.2603577
0.97                                    14.7344337
0.98                                    14.8033254
0.99                                    15.2591871
1.0                                     18.7768334


# Throat Inscribed Radius Distribution (um)
--------------------------------------------------
Cumulative probability                  Value
--------------------------------------------------
0.01                                    1.977897
0.02                                    1.7639745
0.03                                    2.683369
0.04                                    2.3274249
0.05                                    2.9963746
0.06                                    3.2268692
0.07                                    3.0091568
0.08                                    3.5612673
0.09                                    4.325816
0.1                                     4.0002562
0.11                                    4.2073835
0.12                                    4.6215853
0.13                                    4.47543
0.14                                    3.9528816
0.15                                    4.5696493
0.16                                    4.5393665
0.17                                    4.7437856
0.18                                    4.66369
0.19                                    4.861122
0.2                                     5.1273198
0.21                                    5.4023901
0.22                                    5.9162399
0.23                                    5.089452
0.24                                    5.66892
0.25                                    5.6369158
0.26                                    5.3811023
0.27                                    5.6379322
0.28                                    5.5589665
0.29                                    5.8759215
0.3                                     6.2829186
0.31                                    5.6751768
0.32                                    6.6990835
0.33                                    6.0049873
0.34                                    6.1034812
0.35                                    6.3525384
0.36                                    7.2564995
0.37                                    6.8809779
0.38                                    6.5948579
0.39                                    7.3882853
0.4                                     6.8412614
0.41                                    6.6982831
0.42                                    7.1369372
0.43                                    6.7951837
0.44                                    7.1358995
0.45                                    7.0459076
0.46                                    7.6286768
0.47                                    7.2177218
0.48                                    6.8117031
0.49                                    7.3657281
0.5                                     7.195294
0.51                                    7.7211745
0.52                                    7.5919887
0.53                                    9.0561987
0.54                                    7.8681933
0.55                                    8.1232822
0.56                                    8.2585106
0.57                                    7.6964659
0.58                                    7.0586002
0.59                                    8.1755421
0.6                                     8.4313509
0.61                                    8.0784998
0.62                                    8.3962909
0.63                                    8.6400829
0.64                                    7.9111259
0.65                                    8.5053168
0.66                                    8.1079876
0.67                                    7.9455949
0.68                                    8.7852472
0.69                                    8.5003647
0.7                                     8.8526736
0.71                                    8.8279677
0.72                                    8.6165455
0.73                                    8.7792608
0.74                                    8.8335799
0.75                                    8.855479
0.76                                    9.024159
0.77                                    9.5608525
0.78                                    8.9120627
0.79                                    9.1747118
0.8                                     9.8251786
0.81                                    9.8766089
0.82                                    9.338416
0.83                                    9.6610589
0.84                                    10.0215122
0.85                                    9.4731395
0.86                                    9.3309636
0.87                                    10.2252861
0.88                                    11.0370624
0.89                                    9.9310283
0.9                                     10.1156705
0.91                                    10.5672015
0.92                                    10.4194779
0.93                                    10.581636
0.94                                    10.4899036
0.95                                    11.4614996
0.96                                    11.8147669
0.97                                    11.4430369
0.98                                    12.1891199
0.99                                    12.642988
1.0                                     14.6600605


# Throat Average Distance (um)
--------------------------------------------------
Cumulative probability                  Value
--------------------------------------------------
0.01                                    1.6762189
0.02                                    1.4786779
0.03                                    1.6915936
0.04                                    1.9287699
0.05                                    2.2257631
0.06                                    2.1651756
0.07                                    2.0436702
0.08                                    2.4513752
0.09                                    2.2635833
0.1                                     2.8241784
0.11                                    2.7595939
0.12                                    2.6316479
0.13                                    2.57944
0.14                                    2.6620398
0.15                                    2.6821026
0.16                                    2.8504274
0.17                                    2.8096296
0.18                                    3.0653721
0.19                                    2.9596397
0.2                                     3.1953858
0.21                                    3.0852079
0.22                                    3.3017017
0.23                                    3.153819
0.24                                    3.454693
0.25                                    3.4613308
0.26                                    3.3313496
0.27                                    3.4734851
0.28                                    3.4900641
0.29                                    3.446925
0.3                                     3.3509917
0.31                                    3.3223435
0.32                                    3.4710502
0.33                                    3.6117933
0.34                                    3.8964814
0.35                                    3.5562602
0.36                                    4.0991481
0.37                                    3.7371224
0.38                                    3.8279868
0.39                                    3.7031645
0.4                                     4.1187131
0.41                                    3.8138871
0.42                                    4.0548181
0.43                                    3.9706066
0.44                                    3.919092
0.45                                    3.9770369
0.46                                    4.5974101
0.47                                    3.9815799
0.48                                    4.4446935
0.49                                    4.102642
0.5                                     4.354028
0.51                                    4.1128187
0.52                                    4.5996116
0.53                                    4.5893916
0.54                                    4.4888478
0.55                                    4.4951336
0.56                                    4.1993817
0.57                                    4.1118892
0.58                                    4.8738657
0.59                                    4.4584147
0.6                                     4.7247786
0.61                                    4.6724484
0.62                                    4.7768377
0.63                                    4.560565
0.64                                    4.4103641
0.65                                    4.7678502
0.66                                    4.8558631
0.67                                    4.9831828
0.68                                    4.5875677
0.69                                    5.4055196
0.7                                     4.9271037
0.71                                    5.401665
0.72                                    5.1362331
0.73                                    4.8656025
0.74                                    4.7579262
0.75                                    4.7802026
0.76                                    5.5404857
0.77                                    5.3020484
0.78                                    5.2762611
0.79                                    4.5912943
0.8                                     5.5087108
0.81                                    5.8729427
0.82                                    5.1714098
0.83                                    5.4048527
0.84                                    6.0227139
0.85                                    5.5771257
0.86                                    5.9846165
0.87                                    5.5537216
0.88                                    5.6518101
0.89                                    5.3863793
0.9                                     5.6022926
0.91                                    6.6469045
0.92                                    6.035199
0.93                                    5.9027255
0.94                                    6.5827383
0.95                                    6.5072548
0.96                                    6.6820403
0.97                                    6.9405914
0.98                                    6.9963585
0.99                                    6.8359248
1.0                                     9.9297212


# Throat Permeability Distribution (um2)
--------------------------------------------------
Cumulative probability                  Value
--------------------------------------------------
0.01                                    28.156715
0.02                                    28.405365
0.03                                    33.906122
0.04                                    29.5538923
0.05                                    28.0554374
0.06                                    26.2838706
0.07                                    31.5303645
0.08                                    25.7244355
0.09                                    35.8429132
0.1                                     32.5897277
0.11                                    28.2134927
0.12                                    33.9036626
0.13                                    29.8303508
0.14                                    39.8728726
0.15                                    31.3000713
0.16                                    37.8484894
0.17                                    37.4610026
0.18                                    38.4118676
0.19                                    36.2663517
0.2                                     29.2369555
0.21                                    38.3223241
0.22                                    46.5649402
0.23                                    42.4882753
0.24                                    33.1081814
0.25                                    44.399952
0.26                                    44.1260686
0.27                                    40.2494514
0.28                                    38.2239881
0.29                                    50.9449463
0.3                                     46.1813659
0.31                                    46.583969
0.32                                    45.8731124
0.33                                    34.6300019
0.34                                    46.6363261
0.35                                    53.1686442
0.36                                    46.9354719
0.37                                    45.9389109
0.38                                    47.0488374
0.39                                    51.9217616
0.4                                     55.0625588
0.41                                    46.4961808
0.42                                    38.7405643
0.43                                    54.5585463
0.44                                    61.6842146
0.45                                    50.3113364
0.46                                    43.3800415
0.47                                    47.0078801
0.48                                    49.8594173
0.49                                    52.7209431
0.5                                     44.096553
0.51                                    54.1223158
0.52                                    68.9430167
0.53                                    51.2261435
0.54                                    64.9307132
0.55                                    46.5283262
0.56                                    55.7491818
0.57                                    65.3050127
0.58                                    49.4166639
0.59                                    58.0161453
0.6                                     53.364204
0.61                                    59.8802421
0.62                                    59.7598392
0.63                                    63.6651651
0.64                                    58.4772781
0.65                                    61.9803609
0.66                                    55.5820349
0.67                                    50.0892925
0.68                                    60.9148541
0.69                                    65.451083
0.7                                     55.154343
0.71                                    70.4101107
0.72                                    63.5083636
0.73                                    71.7920366
0.74                                    70.795855
0.75                                    71.0432062
0.76                                    73.0854769
0.77                                    80.4362496
0.78                                    66.0602085
0.79                                    71.4607069
0.8                                     82.815013
0.81                                    65.9919571
0.82                                    68.8908781
0.83                                    79.2080002
0.84                                    80.735495
0.85                                    63.9512939
0.86                                    74.5063862
0.87                                    81.3663273
0.88                                    79.4178019
0.89                                    82.7628423
0.9                                     82.8510515
0.91                                    97.9142556
0.92                                    87.8144321
0.93                                    91.2020051
0.94                                    104.2426777
0.95                                    95.0094257
0.96                                    96.9525951
0.97                                    90.3934426
0.98                                    107.4758604
0.99                                    142.1794932
1.0                                     193.808543


# Coordination Number Distribution
--------------------------------------------------
Cumulative probability                  Value
--------------------------------------------------
0.01                                    1.8977103
0.02                                    2.5964629
0.03                                    3.7467437
0.04                                    3.8472636
0.05                                    3.6168462
0.06                                    4.589802
0.07                                    5.824615
0.08                                    4.9519396
0.09                                    5.4087858
0.1                                     5.7844905
0.11                                    6.0902545
0.12                                    6.5735849
0.13                                    6.3664174
0.14                                    7.0349744
0.15                                    7.264808
0.16                                    6.6575804
0.17                                    8.0824116
0.18                                    8.8322301
0.19                                    8.7385333
0.2                                     7.9704213
0.21                                    9.1658643
0.22                                    9.4005397
0.23                                    9.0176704
0.24                                    8.709118
0.25                                    8.1896042
0.26                                    8.557548
0.27                                    10.1839016
0.28                                    11.201414
0.29                                    8.8938057
0.3                                     11.0933252
0.31                                    9.3804719
0.32                                    10.2558138
0.33                                    9.9386574
0.34                                    11.2847131
0.35                                    9.9332121
0.36                                    10.9699993
0.37                                    11.3418391
0.38                                    11.1723366
0.39                                    10.185669
0.4                                     10.8278526
0.41                                    10.9154771
0.42                                    10.9559561
0.43                                    10.4088904
0.44                                    9.5065989
0.45                                    11.2793807
0.46                                    9.985971
0.47                                    13.0422762
0.48                                    11.5061205
0.49                                    12.4435854
0.5                                     10.8784928
0.51                                    12.0316491
0.52                                    11.5767888
0.53                                    11.8947895
0.54                                    12.1520876
0.55                                    12.502003
0.56                                    10.6598224
0.57                                    12.5955488
0.58                                    12.2774174
0.59                                    12.0410406
0.6                                     12.7091668
0.61                                    13.4471829
0.62                                    12.8897336
0.63                                    12.5826285
0.64                                    13.4787628
0.65                                    12.6495982
0.66                                    13.4730492
0.67                                    13.0601647
0.68                                    13.4938178
0.69                                    14.4768606
0.7                                     14.6917028
0.71                                    12.8775305
0.72                                    13.1850522
0.73                                    14.5873663
0.74                                    14.578532
0.75                                    13.9208873
0.76                                    13.6842404
0.77                                    13.563836
0.78                                    14.3384773
0.79                                    15.7995341
0.8                                     15.2270859
0.81                                    14.5407022
0.82                                    14.7720314
0.83                                    16.2268931
0.84                                    14.4375986
0.85                                    14.3555411
0.86                                    16.5004901
0.87                                    16.14051
0.88                                    16.6481012
0.89                                    16.7040652
0.9                                     17.526942
0.91                                    18.1114001
0.92                                    18.2880715
0.93                                    18.0324205
0.94                                    17.0933561
0.95                                    18.1962632
0.96                                    18.178184
0.97                                    18.6990303
0.98                                    19.101811
0.99                                    19.2505229
1.0                                     27.3580042


# Pore Sphericity Distribution (ratio)
--------------------------------------------------
Cumulative probability                  Value
--------------------------------------------------
0.01                                    0.5728348
0.02                                    0.6133402
0.03                                    0.6311758
0.04                                    0.6455447
0.05                                    0.6348022
0.06                                    0.6576949
0.07                                    0.6625053
0.08                                    0.6680225
0.09                                    0.6675066
0.1                                     0.6779219
0.11                                    0.6652818
0.12                                    0.6750263
0.13                                    0.6847946
0.14                                    0.695767
0.15                                    0.6937337
0.16                                    0.6953219
0.17                                    0.6955484
0.18                                    0.6986465
0.19                                    0.706599
0.2                                     0.6975061
0.21                                    0.7019897
0.22                                    0.7131858
0.23                                    0.712271
0.24                                    0.7131334
0.25                                    0.7070384
0.26                                    0.7222232
0.27                                    0.7121019
0.28                                    0.702535
0.29                                    0.7059854
0.3                                     0.7102875
0.31                                    0.7324375
0.32                                    0.7173305
0.33                                    0.7297062
0.34                                    0.7210336
0.35                                    0.712829
0.36                                    0.7254014
0.37                                    0.7226085
0.38                                    0.7304681
0.39                                    0.7222723
0.4                                     0.7372426
0.41                                    0.7354794
0.42                                    0.7174838
0.43                                    0.7329626
0.44                                    0.72689
0.45                                    0.7337128
0.46                                    0.7331694
0.47                                    0.7528342
0.48                                    0.7493214
0.49                                    0.747366
0.5                                     0.7493753
0.51                                    0.7484317
0.52                                    0.7433318
0.53                                    0.7527228
0.54                                    0.7306353
0.55                                    0.7461631
0.56                                    0.7366873
0.57                                    0.7545605
0.58                                    0.7507426
0.59                                    0.7539813
0.6                                     0.7486434
0.61                                    0.7640297
0.62                                    0.7556645
0.63                                    0.7566276
0.64                                    0.7513981
0.65                                    0.7600515
0.66                                    0.737776
0.67                                    0.752165
0.68                                    0.7695439
0.69                                    0.7606325
0.7                                     0.7554012
0.71                                    0.7722637
0.72                                    0.7701724
0.73                                    0.7766814
0.74                                    0.7625727
0.75                                    0.769245
0.76                                    0.7741487
0.77                                    0.7698877
0.78                                    0.7681689
0.79                                    0.7757842
0.8                                     0.7829709
0.81                                    0.7755482
0.82                                    0.7871669
0.83                                    0.7929218
0.84                                    0.7744014
0.85                                    0.7905526
0.86                                    0.8037208
0.87                                    0.7981432
0.88                                    0.7945594
0.89                                    0.8032898
0.9                                     0.7922984
0.91                                    0.8107998
0.92                                    0.800716
0.93                                    0.79835
0.94                                    0.8208895
0.95                                    0.823318
0.96                                    0.8189655
0.97                                    0.8243288
0.98                                    0.8626416
0.99                                    0.8604043
1.0                                     0.95992


# Grain Sphericity Distribution (ratio)
--------------------------------------------------
Cumulative probability                  Value
--------------------------------------------------
0.01                                    0.5222193
0.02                                    0.5342847
0.03                                    0.5488289
0.04                                    0.5605278
0.05                                    0.5834519
0.06                                    0.579572
0.07                                    0.5977156
0.08                                    0.6062838
0.09                                    0.6116592
0.1                                     0.6119838
0.11                                    0.6205665
0.12                                    0.6327244
0.13                                    0.6558938
0.14                                    0.64585
0.15                                    0.6552201
0.16                                    0.6600601
0.17                                    0.6633594
0.18                                    0.6616823
0.19                                    0.6643954
0.2                                     0.6531374
0.21                                    0.6793376
0.22                                    0.670676
0.23                                    0.6828649
0.24                                    0.6887637
0.25                                    0.6877888
0.26                                    0.6898541
0.27                                    0.6982611
0.28                                    0.6921765
0.29                                    0.7009027
0.3                                     0.7109767
0.31                                    0.7026568
0.32                                    0.7062904
0.33                                    0.7232479
0.34                                    0.7263925
0.35                                    0.7140331
0.36                                    0.7165233
0.37                                    0.7201874
0.38                                    0.7233146
0.39                                    0.7419522
0.4                                     0.7347511
0.41                                    0.7352201
0.42                                    0.7343216
0.43                                    0.7420055
0.44                                    0.7401386
0.45                                    0.7294463
0.46                                    0.7366322
0.47                                    0.7281651
0.48                                    0.7469334
0.49                                    0.7362728
0.5                                     0.7590631
0.51                                    0.7565984
0.52                                    0.758579
0.53                                    0.7601291
0.54                                    0.7589873
0.55                                    0.7526888
0.56                                    0.7548401
0.57                                    0.7572702
0.58                                    0.7643485
0.59                                    0.7645969
0.6                                     0.7541277
0.61                                    0.7800201
0.62                                    0.7796368
0.63                                    0.7797223
0.64                                    0.779108
0.65                                    0.7755914
0.66                                    0.7757324
0.67                                    0.7764616
0.68                                    0.7890713
0.69                                    0.7952267
0.7                                     0.7908527
0.71                                    0.7881082
0.72                                    0.7885919
0.73                                    0.7869393
0.74                                    0.7897472
0.75                                    0.7864248
0.76                                    0.8103967
0.77                                    0.8198647
0.78                                    0.8022318
0.79                                    0.8026975
0.8                                     0.8193597
0.81                                    0.8133217
0.82                                    0.8278736
0.83                                    0.8210632
0.84                                    0.8244068
0.85                                    0.8241333
0.86                                    0.8300048
0.87                                    0.8400197
0.88                                    0.8424247
0.89                                    0.8442305
0.9                                     0.8460502
0.91                                    0.8601669
0.92                                    0.8404899
0.93                                    0.8590899
0.94                                    0.8562789
0.95                                    0.8728905
0.96                                    0.8859587
0.97                                    0.8991824
0.98                                    0.9019848
0.99                                    0.9253911
1.0                                     0.9635591


# Grain Radius Distribution (um)
--------------------------------------------------
Cumulative probability                  Value
--------------------------------------------------
0.01                                    6.6732186
0.02                                    10.4422007
0.03                                    10.2216396
0.04                                    11.6010072
0.05                                    11.4437634
0.06                                    13.9304087
0.07                                    12.2140566
0.08                                    12.3973062
0.09                                    15.7612065
0.1                                     12.2469336
0.11                                    15.0403349
0.12                                    16.1067612
0.13                                    16.8980928
0.14                                    17.1816209
0.15                                    16.2531611
0.16                                    15.7179885
0.17                                    16.2596357
0.18                                    17.1062497
0.19                                    16.4254436
0.2                                     18.4067275
0.21                                    18.8790984
0.22                                    16.8269737
0.23                                    18.6717715
0.24                                    17.9316092
0.25                                    19.9440187
0.26                                    18.7727664
0.27                                    19.4988141
0.28                                    18.9339621
0.29                                    20.8090336
0.3                                     19.8082258
0.31                                    20.7032874
0.32                                    19.4917353
0.33                                    19.512703
0.34                                    21.6058293
0.35                                    20.3662736
0.36                                    20.1231552
0.37                                    21.6870612
0.38                                    20.519031
0.39                                    20.4834751
0.4                                     20.1233285
0.41                                    23.3108664
0.42                                    21.1214648
0.43                                    21.3119309
0.44                                    20.6488619
0.45                                    23.2643764
0.46                                    22.5697351
0.47                                    21.6864705
0.48                                    21.277875
0.49                                    23.6082431
0.5                                     21.4854253
0.51                                    21.4111086
0.52                                    22.0609148
0.53                                    23.8585806
0.54                                    23.718776
0.55                                    23.8889312
0.56                                    22.8400101
0.57                                    22.0468306
0.58                                    24.7676507
0.59                                    24.5376365
0.6                                     25.2926666
0.61                                    25.0519977
0.62                                    24.013724
0.63                                    24.5161685
0.64                                    25.0295606
0.65                                    26.2584372
0.66                                    24.9808737
0.67                                    25.1253844
0.68                                    24.8526856
0.69                                    24.6344123
0.7                                     27.2411333
0.71                                    23.6785299
0.72                                    24.024386
0.73                                    25.3561431
0.74                                    27.6488159
0.75                                    26.1318357
0.76                                    27.8400656
0.77                                    27.4116082
0.78                                    27.2695068
0.79                                    26.2561916
0.8                                     26.0418677
0.81                                    28.1553734
0.82                                    26.4996212
0.83                                    26.7151948
0.84                                    27.276832
0.85                                    29.1923022
0.86                                    29.345588
0.87                                    28.1501205
0.88                                    30.267954
0.89                                    29.3990592
0.9                                     29.1547582
0.91                                    30.6310455
0.92                                    29.1727381
0.93                                    31.4933718
0.94                                    30.3884092
0.95                                    32.5047391
0.96                                    32.0987432
0.97                                    32.0253101
0.98                                    32.848081
0.99                                    34.4542261
1.0                                     36.8169049
