DeePore output results including 15 single-value
paramters, 4 functions and 11 distributions
__________________________________________________
        ### Single-value parameters ###
__________________________________________________

Properties                              Value
--------------------------------------------------
Absolute Permeability (um2)             1.3445983
Formation Factor (ratio)                2.6495809
Cementation Factor (ratio)              2.1311393
pore density (1/um3)                    0.0005086
Tortuosity (ratio)                      1.2845368
Average Coordination Number             4.3418556
Average Throat Radius (um)              3.6447283
Average Pore Radius (um)                4.3530059
Average Throat Length (um)              12.3492205
Pore to Throat Aspect ratio             12.3878549
Specific Surface (1/um)                 0.0003424
Pore Sphericity (ratio)                 8.5138684
Grain Sphericity (ratio)                0.7462411
Average Grain Radius (um)               2.8635875
Relative Young Module (ratio)           0.2304496

__________________________________________________
       ### Functions and distributions ###
__________________________________________________


# Leveret J Function (ratio)
--------------------------------------------------
Wetting-sat (Sw)                        Value
--------------------------------------------------
0.01                                    4.6346657
0.02                                    5.0831401
0.03                                    4.3919984
0.04                                    4.1904868
0.05                                    4.4450553
0.06                                    3.8402574
0.07                                    4.2440787
0.08                                    4.0642886
0.09                                    4.1533482
0.1                                     4.1946178
0.11                                    3.6007086
0.12                                    3.1848479
0.13                                    3.0063819
0.14                                    3.3926254
0.15                                    3.2594125
0.16                                    2.734394
0.17                                    2.9952243
0.18                                    2.3828046
0.19                                    2.6252933
0.2                                     2.2308379
0.21                                    2.2103336
0.22                                    2.8905058
0.23                                    2.4782142
0.24                                    2.7447847
0.25                                    1.8980063
0.26                                    2.0020953
0.27                                    1.8758548
0.28                                    2.7797508
0.29                                    2.2903674
0.3                                     2.1036367
0.31                                    1.3493695
0.32                                    1.9415259
0.33                                    2.2263793
0.34                                    1.9039119
0.35                                    1.6670862
0.36                                    1.8360511
0.37                                    2.2490556
0.38                                    2.6462178
0.39                                    2.316956
0.4                                     1.5711014
0.41                                    1.7234195
0.42                                    1.7342638
0.43                                    1.7998838
0.44                                    2.3366661
0.45                                    1.9774174
0.46                                    1.49907
0.47                                    1.7674291
0.48                                    2.01949
0.49                                    1.4605233
0.5                                     2.3459257
0.51                                    2.223823
0.52                                    2.5218777
0.53                                    1.9435228
0.54                                    2.199664
0.55                                    1.6163568
0.56                                    2.6581671
0.57                                    1.3653241
0.58                                    2.0526378
0.59                                    1.6241874
0.6                                     1.5569652
0.61                                    1.3557083
0.62                                    1.9289534
0.63                                    1.9203113
0.64                                    1.8135108
0.65                                    1.3981377
0.66                                    1.490467
0.67                                    2.534007
0.68                                    1.3685807
0.69                                    1.9340321
0.7                                     1.6290752
0.71                                    1.2436517
0.72                                    1.9145667
0.73                                    1.3368097
0.74                                    1.3261026
0.75                                    1.1652946
0.76                                    1.8915247
0.77                                    1.5826352
0.78                                    1.6733128
0.79                                    1.3658928
0.8                                     1.1818709
0.81                                    1.3415287
0.82                                    1.9718196
0.83                                    1.2376981
0.84                                    1.6440636
0.85                                    1.0538286
0.86                                    1.8880441
0.87                                    1.7747061
0.88                                    1.0528005
0.89                                    1.5667957
0.9                                     1.5574897
0.91                                    1.8606191
0.92                                    1.4120879
0.93                                    1.1441816
0.94                                    1.6573439
0.95                                    1.5737554
0.96                                    1.4130797
0.97                                    1.4417779
0.98                                    1.2911773
0.99                                    1.5643913
1.0                                     0.7614446


# Wetting Relative Permeability (fraction)
--------------------------------------------------
Wetting-sat (Sw)                        Value
--------------------------------------------------
0.01                                    0.0075701
0.02                                    0.0063435
0.03                                    0.0119261
0.04                                    0.0125153
0.05                                    0.0129215
0.06                                    0.005942
0.07                                    0.0160727
0.08                                    0.0067057
0.09                                    0.0053743
0.1                                     0.0201258
0.11                                    0.0176597
0.12                                    0.0022686
0.13                                    0.0158067
0.14                                    0.0101686
0.15                                    0.0337511
0.16                                    0.0051696
0.17                                    0.005313
0.18                                    0.0051723
0.19                                    0.0160618
0.2                                     0.0061292
0.21                                    0.0048878
0.22                                    0.0367824
0.23                                    0.0294911
0.24                                    0.0201971
0.25                                    0.0028508
0.26                                    0.0240857
0.27                                    0.0136169
0.28                                    0.0340407
0.29                                    0.0339238
0.3                                     0.0281393
0.31                                    0.0134342
0.32                                    0.0699609
0.33                                    0.0202079
0.34                                    0.0522297
0.35                                    0.0308761
0.36                                    0.0260658
0.37                                    0.0525481
0.38                                    0.0383065
0.39                                    0.0306175
0.4                                     0.0537936
0.41                                    0.0358466
0.42                                    0.0526397
0.43                                    0.0414389
0.44                                    0.0281181
0.45                                    0.0307232
0.46                                    0.0354461
0.47                                    0.0301915
0.48                                    0.0258247
0.49                                    0.0576042
0.5                                     0.0255136
0.51                                    0.0296076
0.52                                    0.0273125
0.53                                    0.0266854
0.54                                    0.0414493
0.55                                    0.0235533
0.56                                    0.0187343
0.57                                    0.0453564
0.58                                    0.0416379
0.59                                    0.0489359
0.6                                     0.0408816
0.61                                    0.0360269
0.62                                    0.033904
0.63                                    0.0365049
0.64                                    0.0510133
0.65                                    0.0244575
0.66                                    0.0304241
0.67                                    0.0448578
0.68                                    0.0450139
0.69                                    0.0500188
0.7                                     0.054155
0.71                                    0.0262401
0.72                                    0.0438144
0.73                                    0.0379798
0.74                                    0.0353478
0.75                                    0.0459547
0.76                                    0.0691457
0.77                                    0.0494197
0.78                                    0.0497431
0.79                                    0.0622976
0.8                                     0.0339636
0.81                                    0.0700426
0.82                                    0.0485451
0.83                                    0.0751352
0.84                                    0.0599167
0.85                                    0.0982181
0.86                                    0.0885863
0.87                                    0.0876593
0.88                                    0.0923893
0.89                                    0.1007565
0.9                                     0.1391247
0.91                                    0.1477166
0.92                                    0.1870529
0.93                                    0.1817435
0.94                                    0.1244763
0.95                                    0.1883872
0.96                                    0.1538206
0.97                                    0.1918005
0.98                                    0.1964654
0.99                                    0.222252
1.0                                     0.9786885


# Non-Wetting Relative Permeability (fraction)
--------------------------------------------------
Wetting-sat (Sw)                        Value
--------------------------------------------------
0.01                                    0.9965403
0.02                                    0.8983032
0.03                                    0.7637188
0.04                                    0.801618
0.05                                    0.8970532
0.06                                    0.8847401
0.07                                    0.8966439
0.08                                    0.9227867
0.09                                    0.9216763
0.1                                     0.935797
0.11                                    0.9495569
0.12                                    0.9303246
0.13                                    0.928932
0.14                                    0.9013377
0.15                                    0.9025623
0.16                                    0.9074743
0.17                                    0.9443224
0.18                                    0.9653108
0.19                                    0.9110109
0.2                                     0.9172447
0.21                                    0.8399929
0.22                                    0.9320127
0.23                                    0.9342867
0.24                                    0.9190961
0.25                                    0.8907693
0.26                                    0.8728198
0.27                                    0.9108626
0.28                                    0.9107549
0.29                                    0.8558181
0.3                                     0.8939214
0.31                                    0.8903793
0.32                                    0.8804332
0.33                                    0.8819535
0.34                                    0.8410874
0.35                                    0.8688242
0.36                                    0.782428
0.37                                    0.8265761
0.38                                    0.8296456
0.39                                    0.8384198
0.4                                     0.869958
0.41                                    0.8099163
0.42                                    0.876309
0.43                                    0.9022835
0.44                                    0.8606351
0.45                                    0.7390133
0.46                                    0.827001
0.47                                    0.7518061
0.48                                    0.8356078
0.49                                    0.734468
0.5                                     0.7621771
0.51                                    0.6243384
0.52                                    0.7506149
0.53                                    0.7398002
0.54                                    0.7630697
0.55                                    0.8185814
0.56                                    0.7043259
0.57                                    0.8035089
0.58                                    0.7609242
0.59                                    0.7738928
0.6                                     0.7250043
0.61                                    0.8139775
0.62                                    0.7936965
0.63                                    0.7471933
0.64                                    0.7449508
0.65                                    0.7673898
0.66                                    0.6792134
0.67                                    0.6518924
0.68                                    0.6523455
0.69                                    0.5915681
0.7                                     0.7290016
0.71                                    0.6745792
0.72                                    0.5736685
0.73                                    0.6311211
0.74                                    0.5465507
0.75                                    0.4995284
0.76                                    0.6202404
0.77                                    0.6027366
0.78                                    0.687012
0.79                                    0.413595
0.8                                     0.7496829
0.81                                    0.5607148
0.82                                    0.6809741
0.83                                    0.7030751
0.84                                    0.6107771
0.85                                    0.6722383
0.86                                    0.7662336
0.87                                    0.7088217
0.88                                    0.5732727
0.89                                    0.6108066
0.9                                     0.5847255
0.91                                    0.6475911
0.92                                    0.5253687
0.93                                    0.5333129
0.94                                    0.584494
0.95                                    0.5017227
0.96                                    0.66287
0.97                                    0.5545982
0.98                                    0.3700516
0.99                                    0.1582631
1.0                                     0.0093152


# Two-point Correlation Function (1/um)
--------------------------------------------------
lag (px)                                Value
--------------------------------------------------
0.5                                     0.5401014
1.0                                     0.5399186
1.5                                     0.5394945
2.0                                     0.53907
2.5                                     0.5378281
3.0                                     0.5391341
3.5                                     0.5375676
4.0                                     0.5386576
4.5                                     0.5356335
5.0                                     0.5353454
5.5                                     0.5377076
6.0                                     0.5341418
6.5                                     0.5347762
7.0                                     0.5367564
7.5                                     0.5378819
8.0                                     0.5342699
8.5                                     0.532184
9.0                                     0.5338626
9.5                                     0.5298644
10.0                                    0.5370281
10.5                                    0.5328086
11.0                                    0.5331592
11.5                                    0.5295799
12.0                                    0.5361095
12.5                                    0.5349654
13.0                                    0.5359224
13.5                                    0.5306025
14.0                                    0.5308145
14.5                                    0.5337519
15.0                                    0.5352547
15.5                                    0.5328605
16.0                                    0.5310382
16.5                                    0.5317982
17.0                                    0.5316442
17.5                                    0.5283565
18.0                                    0.5296928
18.5                                    0.5303703
19.0                                    0.5311578
19.5                                    0.5285557
20.0                                    0.5324425
20.5                                    0.5287098
21.0                                    0.5320017
21.5                                    0.5295296
22.0                                    0.532198
22.5                                    0.5316774
23.0                                    0.5279494
23.5                                    0.5283301
24.0                                    0.527799
24.5                                    0.5300374
25.0                                    0.5259322
25.5                                    0.5272069
26.0                                    0.5311648
26.5                                    0.5244008
27.0                                    0.5330968
27.5                                    0.5303387
28.0                                    0.5156777
28.5                                    0.5283653
29.0                                    0.5222823
29.5                                    0.5332082
30.0                                    0.5317122
30.5                                    0.5284398
31.0                                    0.5281194
31.5                                    0.5263893
32.0                                    0.5185078
32.5                                    0.5278126
33.0                                    0.5162126
33.5                                    0.5276545
34.0                                    0.5243628
34.5                                    0.5222714
35.0                                    0.5265149
35.5                                    0.5174712
36.0                                    0.5240315
36.5                                    0.5187379
37.0                                    0.5208554
37.5                                    0.5195609
38.0                                    0.5237067
38.5                                    0.5247452
39.0                                    0.5262999
39.5                                    0.5182395
40.0                                    0.5219414
40.5                                    0.528271
41.0                                    0.5195449
41.5                                    0.520269
42.0                                    0.5202133
42.5                                    0.5131056
43.0                                    0.517896
43.5                                    0.5216614
44.0                                    0.5122587
44.5                                    0.519507
45.0                                    0.5183397
45.5                                    0.525729
46.0                                    0.5091111
46.5                                    0.5232223
47.0                                    0.5189481
47.5                                    0.520882
48.0                                    0.5132896
48.5                                    0.5052937
49.0                                    0.5152425
49.5                                    0.5081553
50.0                                    0.5085383


# Pore Radius Distribution (um)
--------------------------------------------------
Cumulative probability                  Value
--------------------------------------------------
0.01                                    5.9811866
0.02                                    5.8879324
0.03                                    6.7469419
0.04                                    12.010573
0.05                                    7.7958178
0.06                                    7.2600092
0.07                                    17.9676799
0.08                                    12.4864166
0.09                                    10.0983198
0.1                                     13.7045742
0.11                                    18.2181029
0.12                                    15.6542442
0.13                                    14.3527294
0.14                                    13.2316553
0.15                                    14.2146897
0.16                                    11.2874715
0.17                                    16.6807144
0.18                                    23.3733024
0.19                                    17.754282
0.2                                     19.6138774
0.21                                    17.9620488
0.22                                    12.840878
0.23                                    11.203063
0.24                                    15.5664962
0.25                                    12.5684023
0.26                                    15.3308776
0.27                                    14.1299564
0.28                                    22.3711648
0.29                                    13.7619796
0.3                                     13.2487605
0.31                                    18.3573994
0.32                                    13.3647189
0.33                                    14.1014294
0.34                                    19.7460383
0.35                                    14.7952626
0.36                                    11.2552739
0.37                                    15.5656751
0.38                                    22.6496844
0.39                                    16.4300584
0.4                                     23.9124394
0.41                                    16.7106001
0.42                                    17.506026
0.43                                    16.2613478
0.44                                    17.6273027
0.45                                    14.9867077
0.46                                    24.9587249
0.47                                    15.0552349
0.48                                    13.2438615
0.49                                    18.332299
0.5                                     20.9014411
0.51                                    17.1687367
0.52                                    21.6131419
0.53                                    28.8556281
0.54                                    21.9721225
0.55                                    18.8476419
0.56                                    22.7101072
0.57                                    19.9444457
0.58                                    21.0506347
0.59                                    17.8182056
0.6                                     17.5377648
0.61                                    15.8834932
0.62                                    15.2005992
0.63                                    26.7524298
0.64                                    25.7270999
0.65                                    23.4095715
0.66                                    21.5251398
0.67                                    26.4164946
0.68                                    24.8585946
0.69                                    29.9903836
0.7                                     24.938661
0.71                                    28.6462375
0.72                                    19.9799974
0.73                                    23.1509212
0.74                                    33.0073414
0.75                                    18.2238844
0.76                                    25.9212505
0.77                                    24.7826969
0.78                                    26.8885447
0.79                                    20.7159821
0.8                                     21.1070979
0.81                                    30.6023137
0.82                                    33.8552819
0.83                                    27.5428172
0.84                                    27.8493731
0.85                                    29.0222636
0.86                                    31.3268308
0.87                                    37.4894248
0.88                                    22.2015128
0.89                                    29.419172
0.9                                     37.5603189
0.91                                    25.3870804
0.92                                    40.5332592
0.93                                    29.2974054
0.94                                    33.0454545
0.95                                    41.5662165
0.96                                    39.8205052
0.97                                    40.9244337
0.98                                    45.0579216
0.99                                    48.8240511
1.0                                     56.9726804


# Throat Radius Distribution (um)
--------------------------------------------------
Cumulative probability                  Value
--------------------------------------------------
0.01                                    2.862734
0.02                                    5.6917905
0.03                                    4.5060071
0.04                                    6.784871
0.05                                    4.1218095
0.06                                    6.3749119
0.07                                    5.7727091
0.08                                    3.9096514
0.09                                    4.7112929
0.1                                     13.2615222
0.11                                    7.7549742
0.12                                    5.7409638
0.13                                    12.4520729
0.14                                    9.7631844
0.15                                    8.319845
0.16                                    12.2825042
0.17                                    17.1980169
0.18                                    8.0877858
0.19                                    16.3681886
0.2                                     12.5590578
0.21                                    14.4181237
0.22                                    9.099316
0.23                                    9.9408849
0.24                                    17.4483142
0.25                                    9.25342
0.26                                    17.0649375
0.27                                    13.1976236
0.28                                    15.9956655
0.29                                    13.1657819
0.3                                     18.5024969
0.31                                    8.1947408
0.32                                    18.3278455
0.33                                    20.2898233
0.34                                    10.0786119
0.35                                    13.7079729
0.36                                    21.8270247
0.37                                    15.0203153
0.38                                    12.0546888
0.39                                    10.9026629
0.4                                     12.6009453
0.41                                    16.5193006
0.42                                    16.1338857
0.43                                    22.6087371
0.44                                    17.9491371
0.45                                    20.7045447
0.46                                    17.8176749
0.47                                    16.029627
0.48                                    26.7982843
0.49                                    19.8998674
0.5                                     18.7006279
0.51                                    22.4677664
0.52                                    21.9280405
0.53                                    21.839792
0.54                                    27.6237794
0.55                                    19.043548
0.56                                    20.7338997
0.57                                    22.0343591
0.58                                    18.9016713
0.59                                    20.470004
0.6                                     22.1397418
0.61                                    23.3872058
0.62                                    28.9301425
0.63                                    23.5760602
0.64                                    30.4987278
0.65                                    19.4873342
0.66                                    22.6116908
0.67                                    32.8781673
0.68                                    23.1742691
0.69                                    28.8304387
0.7                                     29.3045233
0.71                                    23.3605274
0.72                                    33.8611515
0.73                                    22.4679741
0.74                                    30.8545108
0.75                                    27.7096583
0.76                                    22.2668615
0.77                                    28.7982498
0.78                                    28.9129596
0.79                                    27.6230307
0.8                                     27.359996
0.81                                    27.8950705
0.82                                    24.6796709
0.83                                    29.6889538
0.84                                    35.7002437
0.85                                    33.9970235
0.86                                    35.428612
0.87                                    37.7633984
0.88                                    33.2713894
0.89                                    34.8860747
0.9                                     37.1680958
0.91                                    40.6048851
0.92                                    38.7124361
0.93                                    40.6544234
0.94                                    36.4712983
0.95                                    44.9062202
0.96                                    45.464267
0.97                                    42.1749997
0.98                                    51.2356967
0.99                                    42.4768082
1.0                                     59.3922485


# Throat Lenght Distribution (um)
--------------------------------------------------
Cumulative probability                  Value
--------------------------------------------------
0.01                                    10.3922876
0.02                                    19.0044422
0.03                                    22.7089526
0.04                                    28.7978788
0.05                                    19.1606175
0.06                                    25.6635563
0.07                                    27.5811813
0.08                                    34.5183907
0.09                                    26.7262254
0.1                                     25.3759003
0.11                                    30.8529552
0.12                                    27.6804895
0.13                                    31.0841685
0.14                                    34.1612782
0.15                                    35.1518677
0.16                                    30.7550692
0.17                                    43.1370988
0.18                                    23.4821398
0.19                                    35.8302102
0.2                                     37.3641089
0.21                                    37.1796617
0.22                                    26.8510087
0.23                                    25.233209
0.24                                    35.1031763
0.25                                    43.9082406
0.26                                    43.7121706
0.27                                    37.0716996
0.28                                    31.9284208
0.29                                    55.6022221
0.3                                     38.3317016
0.31                                    43.6615269
0.32                                    32.9776537
0.33                                    45.6481094
0.34                                    37.6936802
0.35                                    34.3181345
0.36                                    43.3296203
0.37                                    57.5354115
0.38                                    60.5562339
0.39                                    36.3536569
0.4                                     47.8696919
0.41                                    52.9409945
0.42                                    45.9704885
0.43                                    49.6288104
0.44                                    43.8529304
0.45                                    45.8400098
0.46                                    69.2766042
0.47                                    38.2576676
0.48                                    66.4730145
0.49                                    44.2022648
0.5                                     59.1485034
0.51                                    51.3419848
0.52                                    53.0002093
0.53                                    55.1135109
0.54                                    55.3707955
0.55                                    67.8050381
0.56                                    47.6819777
0.57                                    59.9369198
0.58                                    43.9120872
0.59                                    58.5720322
0.6                                     41.2850776
0.61                                    54.3675399
0.62                                    55.6327218
0.63                                    57.5793972
0.64                                    52.9741442
0.65                                    48.3550823
0.66                                    67.1092471
0.67                                    64.3453036
0.68                                    63.716698
0.69                                    62.1897928
0.7                                     70.0915866
0.71                                    69.7939311
0.72                                    63.5436995
0.73                                    66.262618
0.74                                    73.914129
0.75                                    76.5921136
0.76                                    75.7128483
0.77                                    67.2299167
0.78                                    69.3224365
0.79                                    59.1253409
0.8                                     63.0401401
0.81                                    71.3368605
0.82                                    65.8970939
0.83                                    67.8774076
0.84                                    86.7271167
0.85                                    74.5931051
0.86                                    94.4386085
0.87                                    73.4305397
0.88                                    87.8202027
0.89                                    82.7205701
0.9                                     68.2719408
0.91                                    87.4117405
0.92                                    83.9285164
0.93                                    88.6782267
0.94                                    74.3871101
0.95                                    98.7902744
0.96                                    81.4326024
0.97                                    94.8192789
0.98                                    109.9463584
0.99                                    106.6921262
1.0                                     125.1797438


# Pore Inscribed Radius Distribution (um)
--------------------------------------------------
Cumulative probability                  Value
--------------------------------------------------
0.01                                    7.1322866
0.02                                    20.5156659
0.03                                    21.3526073
0.04                                    35.5777042
0.05                                    37.0583935
0.06                                    28.4045906
0.07                                    29.8930166
0.08                                    20.5662995
0.09                                    23.8633922
0.1                                     26.8566558
0.11                                    30.5240372
0.12                                    24.7532288
0.13                                    25.7533157
0.14                                    20.7176918
0.15                                    22.3839492
0.16                                    23.728283
0.17                                    19.4621787
0.18                                    28.390771
0.19                                    26.0189012
0.2                                     20.1227953
0.21                                    21.3320543
0.22                                    32.0475104
0.23                                    24.6361954
0.24                                    21.1407577
0.25                                    15.5992925
0.26                                    22.6888277
0.27                                    27.0367899
0.28                                    19.5519273
0.29                                    21.3893871
0.3                                     20.1074486
0.31                                    18.1009197
0.32                                    20.4084493
0.33                                    30.3655673
0.34                                    23.9377769
0.35                                    24.4406735
0.36                                    20.5758287
0.37                                    18.2790781
0.38                                    22.7801086
0.39                                    21.5601803
0.4                                     21.3786885
0.41                                    27.1885691
0.42                                    19.4489909
0.43                                    29.2140658
0.44                                    30.5835785
0.45                                    21.1769108
0.46                                    11.759132
0.47                                    22.8499719
0.48                                    28.8101851
0.49                                    26.2667807
0.5                                     22.6637823
0.51                                    24.3298171
0.52                                    25.0242106
0.53                                    22.8148117
0.54                                    18.1269393
0.55                                    26.1164995
0.56                                    25.677825
0.57                                    31.4896008
0.58                                    25.2998903
0.59                                    19.7413441
0.6                                     23.7898651
0.61                                    23.8363351
0.62                                    26.9607153
0.63                                    32.1241208
0.64                                    26.0376309
0.65                                    22.9524221
0.66                                    29.4329159
0.67                                    25.2853122
0.68                                    24.3949072
0.69                                    31.3716104
0.7                                     25.1993986
0.71                                    30.3569523
0.72                                    30.3236051
0.73                                    33.1771149
0.74                                    35.0628593
0.75                                    22.9820027
0.76                                    30.5308888
0.77                                    23.5089073
0.78                                    32.3746608
0.79                                    30.2367636
0.8                                     32.6882314
0.81                                    30.585205
0.82                                    27.4115864
0.83                                    35.9631394
0.84                                    31.7579221
0.85                                    23.3545771
0.86                                    32.717901
0.87                                    39.3627559
0.88                                    38.3631501
0.89                                    32.3439674
0.9                                     37.1051767
0.91                                    35.1759157
0.92                                    34.8445604
0.93                                    38.5461981
0.94                                    40.643537
0.95                                    40.8263248
0.96                                    42.0585867
0.97                                    44.9334148
0.98                                    44.4739133
0.99                                    48.6083685
1.0                                     53.9455837


# Throat Inscribed Radius Distribution (um)
--------------------------------------------------
Cumulative probability                  Value
--------------------------------------------------
0.01                                    1.4251678
0.02                                    4.6424419
0.03                                    3.43276
0.04                                    12.7882248
0.05                                    6.8459105
0.06                                    18.4789612
0.07                                    8.5798635
0.08                                    20.8551186
0.09                                    20.7430765
0.1                                     11.8472573
0.11                                    13.9183046
0.12                                    15.6000154
0.13                                    19.4302408
0.14                                    20.9146839
0.15                                    17.6844818
0.16                                    24.8211255
0.17                                    13.3628793
0.18                                    18.5824712
0.19                                    18.0487437
0.2                                     19.7182662
0.21                                    15.5549279
0.22                                    18.0358316
0.23                                    8.1704505
0.24                                    20.4148872
0.25                                    22.479353
0.26                                    17.7927201
0.27                                    24.6921532
0.28                                    20.2816828
0.29                                    16.9972524
0.3                                     21.2707091
0.31                                    22.807095
0.32                                    21.3950859
0.33                                    22.8006097
0.34                                    23.3903752
0.35                                    16.016689
0.36                                    22.8932843
0.37                                    18.8324515
0.38                                    18.804034
0.39                                    21.2556389
0.4                                     19.6401196
0.41                                    15.932186
0.42                                    19.8689322
0.43                                    18.5401153
0.44                                    23.2223154
0.45                                    17.3215972
0.46                                    26.4574872
0.47                                    20.5494337
0.48                                    16.551787
0.49                                    23.7050044
0.5                                     24.9677477
0.51                                    29.1188489
0.52                                    19.1249314
0.53                                    23.4068851
0.54                                    23.3593183
0.55                                    29.0495884
0.56                                    21.9254447
0.57                                    26.0578277
0.58                                    24.1845442
0.59                                    25.5824279
0.6                                     23.2742093
0.61                                    27.0880252
0.62                                    25.7557772
0.63                                    24.3634326
0.64                                    28.0463159
0.65                                    29.0391312
0.66                                    22.5203276
0.67                                    26.6498611
0.68                                    23.6274163
0.69                                    24.9965896
0.7                                     19.8449136
0.71                                    19.9573556
0.72                                    31.961005
0.73                                    28.5658326
0.74                                    27.248461
0.75                                    22.401765
0.76                                    24.433314
0.77                                    28.7809996
0.78                                    27.0332235
0.79                                    25.8871408
0.8                                     24.5261784
0.81                                    25.9975629
0.82                                    19.9623944
0.83                                    29.5217402
0.84                                    24.334325
0.85                                    28.0489187
0.86                                    29.0609998
0.87                                    33.9769985
0.88                                    27.7524696
0.89                                    28.2100676
0.9                                     33.7691354
0.91                                    33.7588464
0.92                                    31.4242885
0.93                                    33.8390169
0.94                                    36.4733696
0.95                                    32.6520654
0.96                                    32.9406764
0.97                                    36.1315646
0.98                                    37.1036717
0.99                                    41.545458
1.0                                     43.4463253


# Throat Average Distance (um)
--------------------------------------------------
Cumulative probability                  Value
--------------------------------------------------
0.01                                    1.5250726
0.02                                    1.4918427
0.03                                    2.5345094
0.04                                    4.9325378
0.05                                    1.9649197
0.06                                    3.8635741
0.07                                    5.2360425
0.08                                    4.5811187
0.09                                    9.529819
0.1                                     3.9307379
0.11                                    6.1676721
0.12                                    10.3179054
0.13                                    6.5907491
0.14                                    6.6745273
0.15                                    9.5961882
0.16                                    7.2956828
0.17                                    9.7864819
0.18                                    14.3839341
0.19                                    5.9380092
0.2                                     7.8583503
0.21                                    10.3795623
0.22                                    12.6194256
0.23                                    14.1692747
0.24                                    13.8502666
0.25                                    10.5760594
0.26                                    11.5419386
0.27                                    13.0602521
0.28                                    11.2197344
0.29                                    9.6794475
0.3                                     13.3636959
0.31                                    15.3794361
0.32                                    13.9993857
0.33                                    13.1860893
0.34                                    14.4531553
0.35                                    13.2074457
0.36                                    11.9517352
0.37                                    15.9920571
0.38                                    12.6526464
0.39                                    16.5367097
0.4                                     16.3513813
0.41                                    14.7654374
0.42                                    15.7214564
0.43                                    16.9933166
0.44                                    9.5726923
0.45                                    12.6584994
0.46                                    15.2195617
0.47                                    15.9649117
0.48                                    15.6011531
0.49                                    13.4472212
0.5                                     22.5484022
0.51                                    14.9646028
0.52                                    13.4299172
0.53                                    17.8602039
0.54                                    15.2574162
0.55                                    17.3690551
0.56                                    14.8847197
0.57                                    16.1932246
0.58                                    16.9913198
0.59                                    20.0933621
0.6                                     18.8960861
0.61                                    15.1084104
0.62                                    15.6735978
0.63                                    19.3081314
0.64                                    18.5225155
0.65                                    21.4119225
0.66                                    16.6949084
0.67                                    22.4909992
0.68                                    18.9073808
0.69                                    19.3595408
0.7                                     18.7631524
0.71                                    15.1087693
0.72                                    18.7775194
0.73                                    15.3635654
0.74                                    14.7839281
0.75                                    19.4859541
0.76                                    19.251891
0.77                                    19.7894136
0.78                                    16.7696993
0.79                                    16.651311
0.8                                     14.1734488
0.81                                    16.1771924
0.82                                    15.6470138
0.83                                    17.6157968
0.84                                    21.8966339
0.85                                    14.3836109
0.86                                    19.7704234
0.87                                    15.1021345
0.88                                    15.1124743
0.89                                    19.6341173
0.9                                     17.7582592
0.91                                    23.6915071
0.92                                    21.3043001
0.93                                    21.3643011
0.94                                    22.6318236
0.95                                    22.8920856
0.96                                    25.0901269
0.97                                    24.1883252
0.98                                    25.33445
0.99                                    28.4728254
1.0                                     33.519795


# Throat Permeability Distribution (um2)
--------------------------------------------------
Cumulative probability                  Value
--------------------------------------------------
0.01                                    4.6256519
0.02                                    10.1003046
0.03                                    21.9651237
0.04                                    24.3668942
0.05                                    16.9920487
0.06                                    51.5955789
0.07                                    24.4762396
0.08                                    65.491378
0.09                                    26.9096716
0.1                                     23.2095614
0.11                                    32.0505767
0.12                                    10.8844937
0.13                                    50.9485855
0.14                                    10.2739415
0.15                                    16.6851921
0.16                                    27.7025296
0.17                                    11.9173174
0.18                                    6.3835435
0.19                                    15.3255692
0.2                                     16.0434518
0.21                                    7.2433424
0.22                                    6.7834171
0.23                                    30.5635892
0.24                                    93.0594857
0.25                                    9.6325934
0.26                                    24.5495448
0.27                                    37.594641
0.28                                    29.8932077
0.29                                    7.1289481
0.3                                     38.982746
0.31                                    7.0669608
0.32                                    29.2084269
0.33                                    133.5277833
0.34                                    22.1009321
0.35                                    4.6786938
0.36                                    30.873479
0.37                                    54.2856048
0.38                                    28.2287021
0.39                                    25.402056
0.4                                     12.9355176
0.41                                    47.2081176
0.42                                    87.6921968
0.43                                    60.9126358
0.44                                    24.7920769
0.45                                    92.1579431
0.46                                    63.0378434
0.47                                    25.0294266
0.48                                    78.529588
0.49                                    170.8684226
0.5                                     22.2107147
0.51                                    62.3334745
0.52                                    49.0019022
0.53                                    39.1067045
0.54                                    38.135692
0.55                                    71.1881834
0.56                                    46.827189
0.57                                    39.8208852
0.58                                    100.9035655
0.59                                    59.7407494
0.6                                     72.4697737
0.61                                    38.1308793
0.62                                    12.5959723
0.63                                    57.3224754
0.64                                    93.1889031
0.65                                    114.2472385
0.66                                    41.7000436
0.67                                    277.0481594
0.68                                    14.3693483
0.69                                    89.2914279
0.7                                     288.9193439
0.71                                    70.0333872
0.72                                    116.4738106
0.73                                    79.7948404
0.74                                    102.3107539
0.75                                    171.1279517
0.76                                    91.9444123
0.77                                    194.1861602
0.78                                    108.5523491
0.79                                    195.1607509
0.8                                     52.3051848
0.81                                    230.4547088
0.82                                    402.4597423
0.83                                    102.9168317
0.84                                    253.1950965
0.85                                    397.2858528
0.86                                    357.302433
0.87                                    219.8902226
0.88                                    252.0329125
0.89                                    238.7791076
0.9                                     151.8862681
0.91                                    698.7942374
0.92                                    406.661433
0.93                                    257.3183447
0.94                                    566.8907247
0.95                                    853.9323772
0.96                                    538.1423333
0.97                                    943.3424633
0.98                                    1293.2994517
0.99                                    1348.6962378
1.0                                     1610.3852633


# Coordination Number Distribution
--------------------------------------------------
Cumulative probability                  Value
--------------------------------------------------
0.01                                    1.0254139
0.02                                    4.9678579
0.03                                    13.9131844
0.04                                    8.1849885
0.05                                    12.5710364
0.06                                    10.3146835
0.07                                    10.6395964
0.08                                    17.6528412
0.09                                    15.0381174
0.1                                     8.5968692
0.11                                    7.7812157
0.12                                    11.3863161
0.13                                    15.4482795
0.14                                    4.8250608
0.15                                    10.3972591
0.16                                    8.5849729
0.17                                    4.5222024
0.18                                    7.0065592
0.19                                    8.6546997
0.2                                     4.4366664
0.21                                    9.2292141
0.22                                    7.8149577
0.23                                    4.060645
0.24                                    10.2028361
0.25                                    6.2462269
0.26                                    4.5742732
0.27                                    10.6213999
0.28                                    5.3766188
0.29                                    10.7087569
0.3                                     14.3156181
0.31                                    5.0824872
0.32                                    12.7732136
0.33                                    9.8487241
0.34                                    10.8496426
0.35                                    6.8500876
0.36                                    7.7497989
0.37                                    7.9447902
0.38                                    7.9748861
0.39                                    8.7792224
0.4                                     11.0672451
0.41                                    6.9868097
0.42                                    12.989274
0.43                                    13.5728695
0.44                                    7.6665421
0.45                                    14.0094246
0.46                                    7.6392547
0.47                                    6.0984094
0.48                                    10.426983
0.49                                    12.7922312
0.5                                     10.4109358
0.51                                    12.7613783
0.52                                    10.0431906
0.53                                    10.2374298
0.54                                    6.1963846
0.55                                    10.4692447
0.56                                    11.1674698
0.57                                    9.366596
0.58                                    9.0234915
0.59                                    10.6325131
0.6                                     12.4796875
0.61                                    9.1505924
0.62                                    13.3553661
0.63                                    14.6424103
0.64                                    9.9946477
0.65                                    15.0819443
0.66                                    18.7405821
0.67                                    8.1702849
0.68                                    13.0957634
0.69                                    8.4530308
0.7                                     13.8342512
0.71                                    15.9586541
0.72                                    16.7216043
0.73                                    8.4859804
0.74                                    11.793784
0.75                                    16.114502
0.76                                    15.6348653
0.77                                    8.6667445
0.78                                    12.8092791
0.79                                    14.8094446
0.8                                     17.9060533
0.81                                    18.5470217
0.82                                    15.7517152
0.83                                    16.8824252
0.84                                    13.7120128
0.85                                    15.7702636
0.86                                    17.7773315
0.87                                    24.9942772
0.88                                    19.1168623
0.89                                    18.3148811
0.9                                     16.8788756
0.91                                    24.5721393
0.92                                    26.1117493
0.93                                    21.0345792
0.94                                    29.809214
0.95                                    24.3073302
0.96                                    26.8245761
0.97                                    30.7114688
0.98                                    40.2768824
0.99                                    26.758997
1.0                                     60.634038


# Pore Sphericity Distribution (ratio)
--------------------------------------------------
Cumulative probability                  Value
--------------------------------------------------
0.01                                    0.4258551
0.02                                    0.4631401
0.03                                    0.4655037
0.04                                    0.5212126
0.05                                    0.5374202
0.06                                    0.4918556
0.07                                    0.5723069
0.08                                    0.615983
0.09                                    0.5508508
0.1                                     0.5879028
0.11                                    0.5477959
0.12                                    0.6739102
0.13                                    0.5517188
0.14                                    0.5825246
0.15                                    0.6546393
0.16                                    0.6716278
0.17                                    0.6696129
0.18                                    0.7231336
0.19                                    0.6828392
0.2                                     0.6775683
0.21                                    0.709903
0.22                                    0.6625528
0.23                                    0.7806424
0.24                                    0.6935841
0.25                                    0.7028975
0.26                                    0.7214243
0.27                                    0.6640899
0.28                                    0.7630939
0.29                                    0.7506555
0.3                                     0.8476141
0.31                                    0.7266248
0.32                                    0.811774
0.33                                    0.7568672
0.34                                    0.7694816
0.35                                    0.7733725
0.36                                    0.7292148
0.37                                    0.7921182
0.38                                    0.6439308
0.39                                    0.7188804
0.4                                     0.8122086
0.41                                    0.7834934
0.42                                    0.8049216
0.43                                    0.7754905
0.44                                    0.7390199
0.45                                    0.7887314
0.46                                    0.7898936
0.47                                    0.8429956
0.48                                    0.8352055
0.49                                    0.8505958
0.5                                     0.7780112
0.51                                    0.8080937
0.52                                    0.8162024
0.53                                    0.8021365
0.54                                    0.7612778
0.55                                    0.8263391
0.56                                    0.8660086
0.57                                    0.8767541
0.58                                    0.8718776
0.59                                    0.8217556
0.6                                     0.8269695
0.61                                    0.8116007
0.62                                    0.8257938
0.63                                    0.7978817
0.64                                    0.8420743
0.65                                    0.8765779
0.66                                    0.7806213
0.67                                    0.8162704
0.68                                    0.8492081
0.69                                    0.8635628
0.7                                     0.8237129
0.71                                    0.8251168
0.72                                    0.8297582
0.73                                    0.8586251
0.74                                    0.893343
0.75                                    0.8502724
0.76                                    0.868655
0.77                                    0.8438339
0.78                                    0.8629291
0.79                                    0.9063909
0.8                                     0.8817047
0.81                                    0.9076149
0.82                                    0.930096
0.83                                    0.8883606
0.84                                    0.8942337
0.85                                    0.902902
0.86                                    0.9349463
0.87                                    0.9219299
0.88                                    0.9307551
0.89                                    0.920566
0.9                                     0.944144
0.91                                    0.9578199
0.92                                    0.9514191
0.93                                    0.9665338
0.94                                    0.9786737
0.95                                    0.973486
0.96                                    0.9870383
0.97                                    0.993278
0.98                                    0.997475
0.99                                    0.9956463
1.0                                     0.9958919


# Grain Sphericity Distribution (ratio)
--------------------------------------------------
Cumulative probability                  Value
--------------------------------------------------
0.01                                    0.5487692
0.02                                    0.567473
0.03                                    0.6278609
0.04                                    0.6028268
0.05                                    0.5748922
0.06                                    0.6455472
0.07                                    0.6843795
0.08                                    0.7013266
0.09                                    0.6549476
0.1                                     0.6990053
0.11                                    0.6565836
0.12                                    0.714585
0.13                                    0.650136
0.14                                    0.6907023
0.15                                    0.6491034
0.16                                    0.6572554
0.17                                    0.6739933
0.18                                    0.6873649
0.19                                    0.6923122
0.2                                     0.6661622
0.21                                    0.7138609
0.22                                    0.6650257
0.23                                    0.641721
0.24                                    0.5667185
0.25                                    0.6910614
0.26                                    0.6896244
0.27                                    0.7039554
0.28                                    0.6337331
0.29                                    0.6439896
0.3                                     0.6545755
0.31                                    0.5743203
0.32                                    0.6745603
0.33                                    0.5951429
0.34                                    0.6380856
0.35                                    0.6213394
0.36                                    0.558991
0.37                                    0.5789819
0.38                                    0.5979657
0.39                                    0.5529772
0.4                                     0.6581972
0.41                                    0.6471344
0.42                                    0.6126427
0.43                                    0.5461773
0.44                                    0.6873971
0.45                                    0.7057356
0.46                                    0.640076
0.47                                    0.6078007
0.48                                    0.6858321
0.49                                    0.6937835
0.5                                     0.6328002
0.51                                    0.5851097
0.52                                    0.6831496
0.53                                    0.6107198
0.54                                    0.5982128
0.55                                    0.6444555
0.56                                    0.5948839
0.57                                    0.6352282
0.58                                    0.7081025
0.59                                    0.7062649
0.6                                     0.6679762
0.61                                    0.6453532
0.62                                    0.5606679
0.63                                    0.5983611
0.64                                    0.5953795
0.65                                    0.6452722
0.66                                    0.5540336
0.67                                    0.6608608
0.68                                    0.6083158
0.69                                    0.658646
0.7                                     0.5753122
0.71                                    0.6298866
0.72                                    0.644703
0.73                                    0.7290043
0.74                                    0.6030028
0.75                                    0.5897438
0.76                                    0.574338
0.77                                    0.5771413
0.78                                    0.6505984
0.79                                    0.6415119
0.8                                     0.6428553
0.81                                    0.5112826
0.82                                    0.6171891
0.83                                    0.5586187
0.84                                    0.6071453
0.85                                    0.6001021
0.86                                    0.5974305
0.87                                    0.6759068
0.88                                    0.6336912
0.89                                    0.6367765
0.9                                     0.6381806
0.91                                    0.6676671
0.92                                    0.6358354
0.93                                    0.5667616
0.94                                    0.5405227
0.95                                    0.5690547
0.96                                    0.5912599
0.97                                    0.6165612
0.98                                    0.7147674
0.99                                    0.744745
1.0                                     0.9706827


# Grain Radius Distribution (um)
--------------------------------------------------
Cumulative probability                  Value
--------------------------------------------------
0.01                                    1.6193439
0.02                                    1.2835771
0.03                                    2.4102162
0.04                                    1.5382459
0.05                                    2.5227894
0.06                                    1.8013419
0.07                                    2.467766
0.08                                    2.4162682
0.09                                    3.1627501
0.1                                     3.3372254
0.11                                    3.1870054
0.12                                    3.7492147
0.13                                    4.0330589
0.14                                    2.4804988
0.15                                    2.3822089
0.16                                    3.8728099
0.17                                    5.2157841
0.18                                    2.9973063
0.19                                    3.6453621
0.2                                     4.2151773
0.21                                    4.4496096
0.22                                    6.2680911
0.23                                    9.2650121
0.24                                    4.1534781
0.25                                    6.3891224
0.26                                    5.7840439
0.27                                    8.50893
0.28                                    4.6744189
0.29                                    5.8759274
0.3                                     6.2634911
0.31                                    7.8306887
0.32                                    6.4088763
0.33                                    6.8379616
0.34                                    7.7110041
0.35                                    10.3479263
0.36                                    8.5801675
0.37                                    9.7218734
0.38                                    9.6734086
0.39                                    6.8897277
0.4                                     9.6662616
0.41                                    7.9117839
0.42                                    9.5560979
0.43                                    9.5785405
0.44                                    9.5436284
0.45                                    12.5804983
0.46                                    7.3195312
0.47                                    9.0893435
0.48                                    18.3772092
0.49                                    12.2757403
0.5                                     8.1761988
0.51                                    11.4851287
0.52                                    10.8340172
0.53                                    11.0760682
0.54                                    11.3685362
0.55                                    13.9362499
0.56                                    16.759477
0.57                                    12.174522
0.58                                    12.1260304
0.59                                    16.2403914
0.6                                     11.6538486
0.61                                    12.5377405
0.62                                    10.3604043
0.63                                    11.022292
0.64                                    10.2984925
0.65                                    10.9007761
0.66                                    16.3122733
0.67                                    18.0841359
0.68                                    28.0053486
0.69                                    12.3550438
0.7                                     14.7331774
0.71                                    13.6258935
0.72                                    18.787622
0.73                                    16.3826894
0.74                                    17.8355596
0.75                                    12.9689317
0.76                                    15.5885641
0.77                                    15.2353595
0.78                                    12.2652003
0.79                                    15.4011307
0.8                                     13.1510376
0.81                                    22.1678937
0.82                                    14.6600946
0.83                                    19.6206484
0.84                                    16.0677526
0.85                                    22.7184686
0.86                                    24.7091318
0.87                                    16.9287144
0.88                                    29.2174096
0.89                                    18.5996468
0.9                                     18.2118566
0.91                                    19.2166383
0.92                                    21.7178609
0.93                                    25.3918979
0.94                                    21.3088627
0.95                                    24.732987
0.96                                    24.2885293
0.97                                    26.202098
0.98                                    32.830333
0.99                                    34.2973179
1.0                                     57.3457897
